3
2000 2000 0
2 1
3 2
4 3
5 2
6 3
7 6
8 4
9 2
10 1
11 6
12 7
13 11
14 1
15 14
16 2
17 7
18 5
19 10
20 4
21 9
22 16
23 1
24 6
25 23
26 8
27 18
28 21
29 5
30 23
31 6
32 15
33 24
34 17
35 6
36 22
37 3
38 16
39 22
40 18
41 37
42 6
43 41
44 38
45 29
46 19
47 35
48 40
49 45
50 19
51 50
52 38
53 23
54 51
55 26
56 25
57 20
58 36
59 3
60 47
61 52
62 42
63 46
64 21
65 63
66 43
67 55
68 39
69 63
70 35
71 16
72 3
73 11
74 25
75 2
76 38
77 45
78 5
79 3
80 38
81 21
82 27
83 66
84 60
85 48
86 38
87 15
88 76
89 50
90 51
91 76
92 3
93 17
94 2
95 83
96 45
97 56
98 3
99 30
100 99
101 28
102 13
103 16
104 56
105 82
106 36
107 38
108 67
109 72
110 34
111 22
112 101
113 79
114 62
115 36
116 81
117 87
118 90
119 53
120 29
121 83
122 78
123 106
124 5
125 1
126 107
127 106
128 39
129 3
130 112
131 119
132 15
133 129
134 74
135 9
136 93
137 76
138 133
139 37
140 88
141 16
142 79
143 20
144 35
145 124
146 139
147 132
148 12
149 105
150 48
151 142
152 136
153 38
154 140
155 4
156 109
157 66
158 98
159 19
160 36
161 1
162 69
163 118
164 92
165 107
166 47
167 69
168 66
169 32
170 39
171 168
172 61
173 111
174 144
175 13
176 129
177 122
178 20
179 111
180 92
181 64
182 31
183 30
184 129
185 107
186 171
187 112
188 61
189 143
190 147
191 68
192 57
193 144
194 68
195 112
196 31
197 104
198 60
199 74
200 26
201 159
202 181
203 189
204 173
205 152
206 131
207 161
208 4
209 11
210 88
211 155
212 147
213 114
214 33
215 164
216 55
217 131
218 168
219 48
220 185
221 105
222 212
223 162
224 43
225 179
226 213
227 136
228 186
229 151
230 55
231 199
232 32
233 191
234 176
235 138
236 3
237 176
238 74
239 206
240 181
241 127
242 38
243 86
244 82
245 138
246 44
247 104
248 166
249 125
250 118
251 213
252 166
253 150
254 120
255 88
256 207
257 231
258 125
259 4
260 223
261 80
262 121
263 57
264 50
265 162
266 185
267 132
268 202
269 122
270 201
271 175
272 235
273 100
274 258
275 202
276 11
277 88
278 277
279 81
280 78
281 257
282 105
283 229
284 74
285 252
286 122
287 216
288 9
289 46
290 276
291 67
292 76
293 191
294 275
295 266
296 112
297 24
298 234
299 10
300 136
301 182
302 25
303 82
304 170
305 172
306 221
307 261
308 239
309 41
310 145
311 266
312 150
313 295
314 207
315 164
316 190
317 77
318 64
319 302
320 179
321 198
322 284
323 153
324 101
325 201
326 82
327 142
328 309
329 31
330 272
331 68
332 269
333 236
334 192
335 138
336 58
337 198
338 277
339 195
340 324
341 323
342 123
343 263
344 317
345 288
346 198
347 58
348 141
349 249
350 64
351 105
352 290
353 18
354 159
355 268
356 256
357 329
358 311
359 319
360 116
361 273
362 295
363 301
364 212
365 196
366 92
367 243
368 35
369 98
370 26
371 95
372 68
373 5
374 62
375 298
376 121
377 274
378 54
379 79
380 83
381 286
382 10
383 150
384 226
385 239
386 42
387 161
388 362
389 267
390 74
391 301
392 84
393 37
394 324
395 263
396 120
397 47
398 302
399 373
400 202
401 49
402 304
403 301
404 225
405 160
406 55
407 190
408 247
409 263
410 372
411 383
412 20
413 182
414 223
415 269
416 207
417 95
418 380
419 279
420 218
421 3
422 111
423 234
424 161
425 363
426 261
427 20
428 388
429 280
430 180
431 394
432 400
433 33
434 10
435 14
436 247
437 109
438 320
439 371
440 341
441 263
442 107
443 401
444 183
445 32
446 256
447 362
448 358
449 416
450 375
451 312
452 401
453 70
454 395
455 351
456 257
457 427
458 415
459 360
460 371
461 155
462 439
463 374
464 167
465 340
466 107
467 266
468 370
469 225
470 1
471 113
472 174
473 392
474 241
475 6
476 245
477 317
478 430
479 326
480 68
481 181
482 382
483 258
484 15
485 391
486 81
487 260
488 244
489 54
490 214
491 239
492 454
493 145
494 29
495 387
496 132
497 9
498 76
499 111
500 402
501 491
502 464
503 398
504 241
505 180
506 242
507 482
508 165
509 415
510 257
511 101
512 480
513 27
514 434
515 222
516 399
517 102
518 163
519 365
520 71
521 283
522 47
523 45
524 390
525 8
526 375
527 144
528 189
529 353
530 10
531 49
532 508
533 263
534 230
535 202
536 234
537 154
538 450
539 259
540 272
541 460
542 407
543 444
544 320
545 180
546 435
547 117
548 84
549 247
550 176
551 425
552 535
553 258
554 223
555 479
556 15
557 406
558 211
559 285
560 416
561 555
562 487
563 276
564 424
565 266
566 104
567 209
568 485
569 291
570 262
571 62
572 119
573 227
574 105
575 548
576 71
577 414
578 518
579 261
580 238
581 511
582 54
583 341
584 175
585 124
586 477
587 273
588 453
589 175
590 26
591 258
592 576
593 519
594 440
595 156
596 432
597 403
598 417
599 32
600 501
601 461
602 537
603 387
604 109
605 161
606 570
607 319
608 251
609 412
610 442
611 546
612 358
613 141
614 106
615 297
616 561
617 519
618 472
619 151
620 251
621 505
622 569
623 382
624 269
625 533
626 562
627 68
628 236
629 290
630 618
631 439
632 617
633 10
634 374
635 603
636 233
637 128
638 349
639 367
640 399
641 107
642 193
643 573
644 108
645 369
646 317
647 539
648 453
649 429
650 361
651 192
652 153
653 190
654 203
655 622
656 484
657 261
658 627
659 512
660 474
661 223
662 391
663 301
664 544
665 457
666 130
667 1
668 312
669 582
670 429
671 174
672 119
673 269
674 551
675 427
676 631
677 435
678 510
679 418
680 569
681 253
682 221
683 333
684 235
685 133
686 164
687 486
688 160
689 8
690 363
691 591
692 66
693 271
694 473
695 85
696 268
697 114
698 36
699 363
700 284
701 626
702 236
703 28
704 452
705 256
706 230
707 682
708 652
709 104
710 124
711 491
712 710
713 488
714 597
715 188
716 456
717 118
718 342
719 311
720 3
721 77
722 57
723 357
724 536
725 380
726 569
727 281
728 672
729 622
730 554
731 213
732 21
733 564
734 370
735 453
736 417
737 519
738 718
739 160
740 111
741 19
742 331
743 342
744 568
745 580
746 529
747 370
748 174
749 17
750 392
751 546
752 314
753 628
754 604
755 648
756 214
757 116
758 560
759 203
760 115
761 388
762 116
763 598
764 165
765 197
766 573
767 187
768 157
769 223
770 254
771 208
772 140
773 608
774 200
775 59
776 517
777 267
778 186
779 547
780 455
781 99
782 315
783 97
784 362
785 702
786 241
787 320
788 298
789 719
790 408
791 262
792 297
793 188
794 9
795 41
796 383
797 732
798 531
799 111
800 190
801 10
802 664
803 665
804 147
805 688
806 84
807 785
808 535
809 549
810 242
811 381
812 436
813 11
814 309
815 574
816 230
817 538
818 766
819 203
820 235
821 547
822 277
823 30
824 487
825 766
826 697
827 500
828 624
829 37
830 674
831 72
832 474
833 518
834 156
835 493
836 641
837 469
838 366
839 345
840 831
841 416
842 432
843 256
844 391
845 637
846 33
847 561
848 82
849 152
850 220
851 123
852 783
853 34
854 258
855 493
856 806
857 419
858 558
859 13
860 389
861 516
862 785
863 56
864 406
865 278
866 2
867 826
868 214
869 509
870 637
871 495
872 10
873 526
874 704
875 872
876 342
877 814
878 358
879 681
880 419
881 136
882 340
883 485
884 687
885 475
886 161
887 781
888 413
889 465
890 134
891 753
892 114
893 46
894 715
895 201
896 676
897 375
898 95
899 305
900 312
901 379
902 81
903 628
904 196
905 182
906 677
907 801
908 736
909 892
910 708
911 509
912 500
913 234
914 884
915 109
916 158
917 686
918 301
919 660
920 716
921 650
922 774
923 150
924 426
925 782
926 445
927 316
928 309
929 395
930 393
931 717
932 416
933 4
934 303
935 458
936 126
937 864
938 354
939 548
940 249
941 805
942 864
943 875
944 324
945 95
946 507
947 814
948 27
949 424
950 650
951 626
952 901
953 246
954 933
955 672
956 260
957 308
958 863
959 814
960 27
961 688
962 515
963 736
964 956
965 922
966 24
967 107
968 324
969 612
970 922
971 753
972 133
973 429
974 132
975 30
976 582
977 390
978 752
979 235
980 889
981 952
982 71
983 906
984 964
985 83
986 347
987 63
988 57
989 632
990 895
991 489
992 655
993 809
994 913
995 76
996 981
997 719
998 677
999 186
1000 194
1001 3
1002 736
1003 804
1004 79
1005 374
1006 681
1007 876
1008 102
1009 943
1010 580
1011 320
1012 90
1013 750
1014 388
1015 14
1016 739
1017 147
1018 558
1019 551
1020 220
1021 551
1022 796
1023 425
1024 536
1025 563
1026 100
1027 552
1028 487
1029 494
1030 506
1031 466
1032 99
1033 724
1034 191
1035 866
1036 413
1037 798
1038 339
1039 1019
1040 304
1041 1035
1042 988
1043 615
1044 39
1045 90
1046 842
1047 901
1048 542
1049 965
1050 532
1051 456
1052 125
1053 108
1054 810
1055 811
1056 813
1057 48
1058 470
1059 285
1060 959
1061 900
1062 115
1063 160
1064 727
1065 391
1066 1047
1067 742
1068 716
1069 708
1070 785
1071 605
1072 696
1073 233
1074 420
1075 378
1076 235
1077 20
1078 502
1079 318
1080 593
1081 337
1082 333
1083 335
1084 1072
1085 235
1086 183
1087 96
1088 365
1089 638
1090 643
1091 251
1092 231
1093 407
1094 533
1095 67
1096 711
1097 404
1098 881
1099 600
1100 1048
1101 476
1102 670
1103 18
1104 481
1105 41
1106 1073
1107 8
1108 467
1109 341
1110 64
1111 267
1112 288
1113 664
1114 730
1115 9
1116 209
1117 452
1118 38
1119 884
1120 294
1121 448
1122 231
1123 86
1124 817
1125 497
1126 98
1127 348
1128 760
1129 1092
1130 403
1131 713
1132 172
1133 890
1134 771
1135 722
1136 124
1137 235
1138 716
1139 436
1140 1081
1141 1084
1142 934
1143 232
1144 868
1145 489
1146 917
1147 182
1148 922
1149 164
1150 730
1151 857
1152 1069
1153 915
1154 1054
1155 1109
1156 875
1157 674
1158 537
1159 406
1160 220
1161 438
1162 1045
1163 117
1164 114
1165 755
1166 272
1167 288
1168 1045
1169 607
1170 923
1171 1120
1172 1040
1173 581
1174 336
1175 696
1176 932
1177 844
1178 603
1179 16
1180 36
1181 881
1182 516
1183 646
1184 312
1185 377
1186 862
1187 129
1188 646
1189 776
1190 6
1191 123
1192 1031
1193 970
1194 816
1195 856
1196 587
1197 338
1198 106
1199 782
1200 416
1201 1046
1202 381
1203 303
1204 967
1205 365
1206 79
1207 3
1208 893
1209 345
1210 1149
1211 680
1212 1030
1213 465
1214 948
1215 988
1216 777
1217 816
1218 603
1219 381
1220 874
1221 789
1222 143
1223 600
1224 468
1225 1025
1226 683
1227 1215
1228 677
1229 31
1230 354
1231 109
1232 309
1233 511
1234 472
1235 558
1236 1152
1237 311
1238 62
1239 361
1240 1018
1241 169
1242 1085
1243 580
1244 1026
1245 668
1246 709
1247 159
1248 93
1249 1083
1250 533
1251 916
1252 579
1253 1132
1254 355
1255 601
1256 928
1257 1105
1258 939
1259 597
1260 932
1261 259
1262 441
1263 551
1264 619
1265 554
1266 1050
1267 895
1268 1214
1269 187
1270 1211
1271 134
1272 647
1273 491
1274 1257
1275 1041
1276 906
1277 752
1278 264
1279 301
1280 173
1281 535
1282 652
1283 767
1284 589
1285 1109
1286 152
1287 1082
1288 869
1289 772
1290 227
1291 591
1292 28
1293 461
1294 436
1295 306
1296 195
1297 184
1298 354
1299 24
1300 295
1301 41
1302 622
1303 418
1304 254
1305 615
1306 966
1307 548
1308 917
1309 39
1310 737
1311 963
1312 250
1313 422
1314 881
1315 881
1316 897
1317 800
1318 1290
1319 204
1320 829
1321 634
1322 340
1323 1275
1324 841
1325 1133
1326 421
1327 1041
1328 1095
1329 1192
1330 943
1331 1289
1332 407
1333 858
1334 310
1335 1087
1336 1205
1337 1013
1338 407
1339 95
1340 40
1341 1192
1342 1213
1343 801
1344 694
1345 1094
1346 1341
1347 160
1348 155
1349 1146
1350 1340
1351 950
1352 424
1353 257
1354 435
1355 183
1356 419
1357 831
1358 1103
1359 263
1360 310
1361 186
1362 543
1363 433
1364 833
1365 1172
1366 1245
1367 750
1368 159
1369 406
1370 1070
1371 1190
1372 745
1373 4
1374 92
1375 870
1376 1190
1377 762
1378 1293
1379 1350
1380 1123
1381 622
1382 1203
1383 44
1384 1362
1385 323
1386 1227
1387 901
1388 1020
1389 1223
1390 825
1391 85
1392 514
1393 1262
1394 1036
1395 1059
1396 1279
1397 433
1398 755
1399 41
1400 918
1401 1384
1402 27
1403 1164
1404 1179
1405 241
1406 782
1407 515
1408 773
1409 959
1410 1334
1411 922
1412 667
1413 1040
1414 702
1415 252
1416 531
1417 663
1418 457
1419 1194
1420 797
1421 38
1422 509
1423 63
1424 721
1425 692
1426 1280
1427 388
1428 730
1429 117
1430 1176
1431 977
1432 929
1433 565
1434 1268
1435 376
1436 617
1437 1281
1438 403
1439 520
1440 369
1441 1207
1442 1084
1443 1431
1444 188
1445 340
1446 673
1447 707
1448 370
1449 21
1450 385
1451 1197
1452 862
1453 991
1454 106
1455 813
1456 259
1457 29
1458 1378
1459 422
1460 535
1461 54
1462 167
1463 673
1464 1394
1465 1045
1466 116
1467 532
1468 901
1469 1003
1470 1153
1471 951
1472 606
1473 704
1474 1406
1475 153
1476 8
1477 483
1478 691
1479 554
1480 1466
1481 973
1482 386
1483 314
1484 218
1485 1286
1486 1157
1487 265
1488 912
1489 776
1490 346
1491 1355
1492 42
1493 1110
1494 876
1495 1117
1496 1207
1497 422
1498 336
1499 872
1500 609
1501 1256
1502 318
1503 1381
1504 978
1505 540
1506 209
1507 527
1508 909
1509 768
1510 387
1511 959
1512 986
1513 120
1514 1235
1515 699
1516 1038
1517 448
1518 17
1519 1268
1520 1254
1521 213
1522 701
1523 714
1524 451
1525 312
1526 837
1527 1025
1528 806
1529 426
1530 933
1531 1041
1532 1081
1533 242
1534 1261
1535 319
1536 416
1537 1163
1538 97
1539 1351
1540 1073
1541 1367
1542 43
1543 341
1544 119
1545 1165
1546 461
1547 851
1548 1432
1549 139
1550 690
1551 1481
1552 414
1553 1493
1554 1247
1555 1225
1556 1138
1557 828
1558 1000
1559 918
1560 1191
1561 936
1562 764
1563 1189
1564 428
1565 343
1566 1447
1567 939
1568 596
1569 107
1570 510
1571 415
1572 1188
1573 708
1574 1188
1575 1222
1576 744
1577 1500
1578 1572
1579 291
1580 303
1581 897
1582 1183
1583 320
1584 899
1585 1351
1586 452
1587 301
1588 1519
1589 1171
1590 773
1591 20
1592 887
1593 1256
1594 1222
1595 1182
1596 24
1597 750
1598 1248
1599 1345
1600 1082
1601 414
1602 782
1603 804
1604 1211
1605 1328
1606 345
1607 1548
1608 958
1609 1181
1610 604
1611 73
1612 1301
1613 1533
1614 94
1615 472
1616 590
1617 1467
1618 1068
1619 448
1620 1221
1621 556
1622 514
1623 183
1624 946
1625 435
1626 924
1627 1068
1628 66
1629 555
1630 467
1631 490
1632 1073
1633 579
1634 1107
1635 1241
1636 1617
1637 1138
1638 1327
1639 1158
1640 782
1641 849
1642 410
1643 1276
1644 778
1645 1564
1646 824
1647 1038
1648 449
1649 561
1650 745
1651 898
1652 137
1653 867
1654 1218
1655 363
1656 1084
1657 344
1658 1042
1659 1407
1660 514
1661 283
1662 955
1663 425
1664 102
1665 1275
1666 1415
1667 156
1668 394
1669 606
1670 1645
1671 653
1672 435
1673 535
1674 73
1675 1630
1676 286
1677 193
1678 811
1679 536
1680 1421
1681 1241
1682 1170
1683 1603
1684 231
1685 1244
1686 579
1687 722
1688 1158
1689 1159
1690 64
1691 359
1692 1297
1693 609
1694 1515
1695 182
1696 1458
1697 836
1698 1642
1699 1165
1700 1093
1701 1680
1702 697
1703 693
1704 24
1705 919
1706 1448
1707 1577
1708 487
1709 496
1710 1502
1711 846
1712 430
1713 484
1714 214
1715 415
1716 1390
1717 183
1718 408
1719 1000
1720 656
1721 544
1722 488
1723 719
1724 1378
1725 765
1726 147
1727 1475
1728 662
1729 1056
1730 1643
1731 1571
1732 313
1733 681
1734 943
1735 250
1736 1150
1737 666
1738 1038
1739 443
1740 473
1741 1721
1742 1380
1743 1480
1744 497
1745 1281
1746 164
1747 1002
1748 1738
1749 1109
1750 1390
1751 1210
1752 608
1753 300
1754 18
1755 872
1756 1468
1757 131
1758 1341
1759 1367
1760 312
1761 46
1762 1702
1763 1395
1764 1704
1765 888
1766 1514
1767 149
1768 452
1769 1462
1770 8
1771 660
1772 1155
1773 1664
1774 1665
1775 363
1776 631
1777 512
1778 144
1779 61
1780 1710
1781 1085
1782 1338
1783 1124
1784 1547
1785 1434
1786 220
1787 1784
1788 994
1789 180
1790 802
1791 1547
1792 880
1793 1167
1794 1685
1795 147
1796 153
1797 545
1798 1295
1799 1757
1800 1418
1801 261
1802 82
1803 544
1804 1596
1805 382
1806 303
1807 1372
1808 7
1809 370
1810 1650
1811 848
1812 1688
1813 1664
1814 1151
1815 751
1816 792
1817 1298
1818 206
1819 961
1820 1007
1821 599
1822 514
1823 279
1824 1134
1825 1089
1826 1026
1827 769
1828 825
1829 1689
1830 1733
1831 489
1832 79
1833 1750
1834 1289
1835 944
1836 1140
1837 426
1838 756
1839 439
1840 1027
1841 166
1842 1450
1843 530
1844 1569
1845 380
1846 963
1847 960
1848 1103
1849 108
1850 1251
1851 1170
1852 1594
1853 1532
1854 70
1855 1179
1856 1820
1857 70
1858 1168
1859 4
1860 1260
1861 514
1862 464
1863 24
1864 1232
1865 1482
1866 961
1867 502
1868 53
1869 996
1870 1697
1871 1581
1872 1261
1873 188
1874 228
1875 1663
1876 942
1877 111
1878 189
1879 255
1880 1173
1881 1592
1882 106
1883 791
1884 196
1885 1059
1886 1348
1887 1482
1888 1024
1889 349
1890 1303
1891 1169
1892 1095
1893 1122
1894 1089
1895 1877
1896 238
1897 464
1898 276
1899 890
1900 1708
1901 673
1902 1625
1903 644
1904 665
1905 484
1906 377
1907 661
1908 1256
1909 1840
1910 74
1911 576
1912 1425
1913 1535
1914 1200
1915 379
1916 648
1917 1081
1918 695
1919 357
1920 978
1921 1607
1922 1068
1923 764
1924 709
1925 520
1926 275
1927 1309
1928 780
1929 848
1930 1658
1931 1805
1932 337
1933 887
1934 1345
1935 664
1936 109
1937 286
1938 588
1939 1642
1940 1701
1941 399
1942 124
1943 152
1944 60
1945 1520
1946 38
1947 1691
1948 1934
1949 489
1950 1723
1951 640
1952 70
1953 258
1954 1935
1955 1049
1956 1638
1957 829
1958 1905
1959 92
1960 280
1961 1906
1962 203
1963 1786
1964 120
1965 1716
1966 669
1967 1879
1968 1882
1969 827
1970 139
1971 604
1972 1015
1973 1941
1974 947
1975 357
1976 76
1977 268
1978 676
1979 1649
1980 180
1981 1047
1982 831
1983 461
1984 1289
1985 1680
1986 1909
1987 1711
1988 1707
1989 251
1990 1824
1991 567
1992 510
1993 398
1994 1624
1995 1351
1996 1499
1997 104
1998 132
1999 1239
2000 271
-528756451132 -250857403653 523282246362 -340310010431 332236701644 -491029757607 340334272455 -194680750539 -281692238786 -534287645949 369245033696 168343024307 55755789595 -643414048330 -83615851550 9562116285 207304481829 -292200766026 -406539615472 -395761367022 -175338259944 -452425844224 92189782314 409784831346 -262215773450 -241399666154 -426537796050 -749419472036 -692564640192 -245618920458 -365402470051 354658557842 -181644390540 -98746441247 239879073271 292196901395 -532529864172 -354511306408 -206020994564 225689844383 215803502879 128016133529 359489897580 143361916470 456893551124 536864771877 -306339918906 15068628824 537040779061 -179674422083 957322000013 -461910521724 882550994432 551772928543 67592821886 5995976060 -225742464201 421254891340 -490850878181 534111651775 -521474952935 -575771705915 457218616481 448838209293 534365063397 54132978887 363708233556 -134495498075 560718679581 -628104292010 -788792437392 143213266313 -30506249409 -547088385488 -421273276040 171884675577 -554898174068 259863751635 -518311307540 -304032402574 -215206530363 384436510659 -853537505911 -587259020489 -101544834263 371267813693 748405685650 -642466084986 -351190230857 -286200849661 124642129286 129386609761 -312433912335 472956217299 97952123557 570986316807 -57017929451 -566811528594 312816112559 154203791160 -322480150683 -119168165227 493717620260 -474880132236 -147793561185 -657842944826 -38579942011 -4264280262 -397664160571 845327280194 346006240720 -304220301620 692385746198 -210556549750 419123030598 -579167023191 454265188433 489707327580 519908115431 -375661900975 -445916716872 377988336249 -30872482701 -254602889020 549215059593 289811398369 40381309354 77580265730 -763153561723 -121453254636 345445742988 543574543691 -473135096786 -278522667885 -100317788838 -112173478370 -558073174272 443180840861 347633288977 582147630845 -460655826499 682566033840 -69868790476 -178139068314 67180285030 64145171280 -417399906877 111547630044 -31910290054 -60143078918 480400111228 388292335451 -186148053320 -4219583696 -506580263264 -552319779034 -711056422431 -547223228240 -330150793362 -805969620228 -743912640778 -191742424645 -87588940631 -384431273251 -891181867787 377421458193 236462691790 -285082870392 -322912506720 -633267188366 -69930324898 672942019648 161729537206 189628914271 -184048142951 -474967251774 327220249975 -238366809833 -235938609282 -322472511602 -43717175326 -602056856679 -726595167088 391224558758 -153836625544 -305725125851 246704369484 -345653351224 390336383354 158463435774 150198782643 403985593398 -323006551898 -777616329631 -887984098235 595595631279 -60268980034 365076340176 438523898306 297336822771 -347974722367 -305302548855 -33093590998 75416791810 -403341327633 399283634445 421581183293 -645523979172 -429186231865 328815765021 -196429302021 -106637931776 -31973176438 253278477943 -2774588444 -108694231055 -316210015431 -235582450148 -320201875399 -376426089237 -146606039406 -240616482483 -166060028168 -34378286031 306857991895 -104544678584 -88507987998 225478966338 245012017286 -90149050802 571400703607 -204980271778 465042535265 361545759391 458144298038 305988139972 458786771623 20586997819 -121909844511 -238993672522 183301581335 -779521136861 -106168792456 -659060470605 -771267293389 -108857173355 -348136443783 597597256955 293958035193 398912861522 374651194724 -128286316786 161762534699 -195282142885 -631439836548 104342966892 338387252743 536525753902 -238278900867 54338248276 -458923293873 302689830477 -205033957845 -210144346680 -207573475647 -308951812810 -563450788861 266350289543 -382955324897 635424135402 537991130118 228274606608 521167046056 112910517289 -383268015052 147430970278 -327138718821 -139282097612 397187266893 -231727268155 484032817273 -496640899895 -283456838191 -277460193744 -168204119741 294468389034 106572775616 303803319398 29755034039 -206978966635 -595536545894 500285444391 311510795479 219881856907 -50652762337 -267279467470 -9339980510 -575033617972 61993570319 -10727177527 169732866391 403736239896 16003525291 -661836047445 -255720194184 -26659788944 -60495002575 120129358039 398718256260 -354410749614 73328994401 145155193615 479415847226 721279232831 287428509438 303158796242 -103738486372 -513188530248 338987033732 -112289355616 -586267082264 726573028731 -803739279561 -403912347079 -894505489184 -273040811639 1774191827 430916722333 -362275335806 -18585594525 174605793692 -394172166900 600501829136 -158129172345 472000824591 -200264761787 -81823041079 125483944438 -494331271379 517276209098 -593697142676 -12421289231 -385249904714 -238985292198 -719886715078 -205507223882 538120946666 -29949961483 -226729339724 -683789322746 -94136254839 -885758996581 -251507612583 693659063714 -219431454445 -109134482613 -884327631512 -241610076856 177659679241 626262706375 -586185217822 -283131160519 -516556635159 177583485262 -639833694840 15366865909 4284802611 96633656224 -506262367527 212858942909 704475244009 47864683325 -435456399275 -113309458289 54219922059 -158743758363 -146646029509 13947537260 308750829974 333965180503 44711160269 -344437791851 483491651662 143332527573 1269475850 -145845345271 -518834652432 -197266413026 342040884913 -587521069818 284362023613 -230358130062 -586674626557 -434204508656 246681091124 286489906064 -776679898239 -141313805212 -518212766056 -738434826182 -430733366167 366537239171 -722256521882 486483686383 37281261053 117512743213 649911347615 418652020527 -218909645253 379644192547 210066704579 558743542010 -289415633818 664737156771 -186302054062 40454151311 430303601146 339129027182 -25726615348 -279063654735 108314543674 -441850659451 -34602065999 -655362139492 -458136562013 528193746406 -277505642175 190724386515 -744504104775 -78988284013 -255367397828 -545536143467 -277316004230 -220838941302 -581882827293 -101329654622 435266612902 389039216972 110885564595 -797746471879 -325987787716 -141189741606 -110503458321 -453917454948 447176310781 118328330482 896478177111 -1686285238 -255415945750 533927472021 809080464168 -67485433150 -425573073278 -415347103933 -840860396954 224144354311 217535943045 -621342071619 -572701736690 -626128007914 649337652786 -121429537727 50996100000 64579413423 343300976458 192550725200 60056942495 927945467668 -659612700275 -7721131350 -497326394232 450242538948 179605252157 -548550781616 23324693788 554158382270 -712742456810 532687794816 280955828827 82445410565 42416384283 -754152301701 243755971397 -398754522859 547675386570 -57133276158 152624547162 -206556455951 -301478045851 633536779091 -122553417894 94172624536 81129989162 280545626288 -631886174330 284549069897 -118066489637 -426056568681 109229914587 -167516946746 494467645302 -72770916471 50686180188 -62794881394 -509490009283 190328105287 -421214740791 99384471777 -220053420178 100517385934 -323816775201 -256336794049 -290854023413 -525049293982 -205279511710 -14630989400 769883730578 83609213120 76925639182 310774011611 661106049285 -289056377750 749228248679 -99258585126 198299355171 192473113694 -271248769942 -143798333916 113175404843 247045595165 500100121751 -289408705223 639333165982 -64346589209 238572513264 -369623831272 -651449990082 -215497113667 -411353085772 -269117829948 85179387911 629115784029 -143242991452 -952493091719 -640573004996 221173269768 -152745726978 -788011152518 -17123008485 -476704217986 833738198914 -740279435643 -247283993050 225534294016 -215533962381 -562894833443 -64628249188 -65904013939 -190804010546 -544179379969 4254594363 -79084361244 458072531220 238553966828 33158312647 501196334022 -191911522107 -146533019676 -20863563138 -475081663885 794732658849 383117444325 559436225631 343955116267 -726511012632 -587914224269 -588628433364 -31837159633 -242166707174 88463598477 -362530572445 -188952311299 -413096384392 -486819219727 67748114182 337245634518 306869948927 -456611956641 226748176083 -6969076357 -34072539662 439886415385 -379286597364 562788689194 -49619016879 -325451865059 610406634416 -667084855772 17477233946 475405069742 447800337086 -363019254423 -221071150450 248793036424 -604642648840 728617706362 -749840613267 128344484590 -618666501156 -91436840363 -215295452297 -28726220001 -684385510420 -344082292229 -569244401684 489198306779 253629661927 -179396065300 800026691660 -104185052958 654382630988 -85570721047 -608411066345 517458408627 831473313308 -536397511696 784385961037 -14192750064 502152549400 45465484866 -616910476754 78144822328 -343758289409 411699791008 -815242419270 458916688107 301997957200 -151357994872 -537012535183 163515551209 269310693325 657090325884 636852779475 -336186575183 242720435764 57909355578 172657372448 413249045573 212053715719 -517028161917 264000105880 -181838249564 -523553208188 280245150296 311650761979 463061468686 -6980964627 -569278898378 -716201375095 -20309462717 -164503069567 56961261601 -353248396030 178035176450 -522645475393 -216524527594 44985950631 464366690381 -105984374359 -136102954601 461159479798 -351330442461 -408282460675 -368207693662 -460245753680 329920467396 353249557053 49788050232 38013679829 -456491421393 8559177255 -32133557031 375012609701 -238754902938 111056047805 -618580011450 467871559967 -239656531544 -411004914755 -375982438083 -198803217978 -85626228491 -98550095319 -116248882049 66636283479 -257690482547 -187164446272 -182093628339 -640383557102 232378944944 -734192741823 -160016205659 -271738826502 129025663454 606735713134 -359967706359 75294755595 -645060735785 -221726437499 598787180982 576010778633 138152098522 286664177608 -368230767056 -252214055055 466887728745 398273009717 -138524689931 -590564188731 -139812690366 -122418795250 -214689229117 -597951793022 724320178087 507307795858 -732338462498 -197319245589 803738652695 244572314304 -808783384061 128644315711 -204281642606 32033694937 67781768371 780707287742 252004643544 572536505694 -92785388433 -113005049240 -195658024856 419490452110 -295094416011 -697001491011 520889896260 402848811112 -398215308346 -199633048323 33393903660 -436430224146 400602082083 -572711066071 635420574109 84180233951 -19857271478 -171753391169 216891597082 -670644396038 241461102204 276837791359 813196000226 157910224448 485359078074 352073310892 121616796724 -65486838670 383516967490 585728047939 726662755986 -92765505010 -890370871018 589512962949 -96398334213 276900258646 -631854867853 -170267034766 -439281995409 -417477565687 525399011741 -659884210166 -703075021715 57763120742 60432853778 -318698490099 664031745528 16159267247 175740500368 -887508721477 -189865811572 109420554402 -260388253478 358098619732 287039109228 716685931585 -139792791056 62670170264 501019070231 -59517309878 467379457232 -114916447609 294826291724 450889975935 -330707732037 -431809855327 -314516020402 383268949342 686808243506 545458020263 355872776090 -174253211031 271541742388 -22215958697 -353272436624 -344556086625 99143108736 -504749009998 -631964016238 800615210239 630283086423 -261567849481 86001210303 138445130826 893187986809 -662591985879 -709197213001 207878755521 639470266727 129363635589 -324249145798 -691884042397 -4340668065 -288391297204 -592690298360 138035977327 -93988844382 -78670663938 -624601726944 -294170184857 497054758192 -33409424229 357234600004 325099358729 -319723309110 459101349602 -240908468173 680324768407 -868609476754 479824214358 -158169612884 52272448272 85595421150 -101290967820 77260146290 674605882355 -461652402345 -559827123779 -531994839295 -655487590782 48619927709 -251239034895 -321423720293 746469254715 -613598244563 614423531920 -62992305214 775964081120 434442115656 -191192688358 -252062162830 84710597871 89828319727 -587124753585 -144249331026 -853819696534 -248332499231 -412541896017 -333217956491 34102394895 -359178480675 348045793722 -41750077177 -101766985888 -232919171740 400681407089 201958578339 -831217481957 -226606711882 -493478113774 -115816220533 253689245250 -137811451628 80733675165 603835990270 644789581460 28919338491 -537548669291 -181612856004 -668089970928 -36357175633 70747973174 253916766277 -127575768008 305260284589 113688417540 -439527467816 -2017954806 161938819511 -280600342980 369802323832 -541401723577 -212690615989 419657342750 -540883634527 -173950092239 289464758635 535294791661 -56253559082 -55312962108 -176264425452 405383429478 -268021549355 945456258 756457805002 -391069459638 164550567777 -418937320340 374031921226 161359775449 -239498339978 355054046656 751784089109 -132973839277 -524713324969 -316311475136 819634554475 388837187448 504172898627 429687002027 -506958033138 -501619667576 -131851012486 -206057070592 669156055674 -14329654908 246126874940 -684596579839 -27511529551 -762989555927 -308132073335 194960216493 140254747955 -830476461254 109694141473 229802947907 -428439011456 525990462391 746002463107 -88232225275 614374278168 63661415325 54296341169 -27496866191 540694651644 70534066992 -235437018454 -256086007159 149306227690 -856078218452 -120513038994 408526399371 -386094991645 -235471320683 321695194428 749127353849 -328294047576 -372028748440 417585549526 497363227601 -310953778120 247655975077 24311974011 403249828373 337606517329 155424439438 -339151246357 38563138243 -532630901002 -4244460445 57243159845 87784899421 364669569255 784073217506 -74820103509 -393728160223 -476986487966 -158852533492 -230770248643 20330312209 68865947752 182398876129 -215277666024 225448204459 430127042298 -514922175135 410698010111 -224967159311 -332207249450 -493568163252 682549098289 -660834280670 664549820285 -400002160542 297555677293 -139500675586 92076624495 6604938915 -516251549003 -347363456316 -457817121811 -112847101041 196582141640 -116358138890 268437376373 449702731174 213277616934 -132886351918 -362826620727 146096908456 165576984462 578475806682 -229047670681 -299187172330 -71065564350 749377322956 843470679440 -307203616275 -512330663742 -62806675606 141063322885 -829762899343 557367586763 -126426850382 -101004123580 -447788802913 -295762156128 -658700586330 145490102223 -244164802952 -228969897536 39254873220 730470326115 -767049811908 98481990378 -217013180339 100204375812 -808380367381 -437885821215 -212205539518 -604379939281 -207259447291 -13692802783 352812959906 -453425242266 84505312458 181047815149 -855845925396 661229276263 -677855967814 359968562115 493786321378 -781376814157 -122437182123 -216132567003 -608465444861 -156732962294 -186649468389 535368408210 263700710798 272377659565 -371480720628 -477301935478 38543225220 -709594073638 33147148712 53885124173 560411258726 409153600338 718881212784 488035905755 -307973042829 703954556374 813849464801 198717549556 -656658002710 137493589476 75301846846 221259439703 86067332301 -374772232771 -561338455161 285771040262 121098864347 64309917410 595639439225 38334378815 278390255699 79250947665 -67460124201 565476661253 -499402107914 440033554700 432019636769 255164013460 68551984965 447459904400 545919198933 546440833968 -75092014401 387928533536 -517699270156 507462957717 -2076283868 -19709908356 -630705162626 -131718376634 -417168790221 -423523240989 -486733310925 242269858497 -199476194899 -555476298476 234985728979 -316809905591 142844178771 96236197776 291699739293 -64575735653 116032218531 -651230328169 69713422292 -561921331464 -337257267873 -286070146838 133568076533 -322576759777 -387070749243 74467100295 287684047809 317908410705 425661742103 69296241007 31067700216 -830485308785 221837093844 290161150179 590147961435 638579418648 71279306427 -718364024607 -441663677273 502257264173 127653685645 410059464426 -30641030049 -542174242677 268077264652 -718429071361 -226894216381 184196216693 -386487134348 -122767822562 -160472505200 -232101893655 -667976060089 94127456649 700399049545 -661341771542 769976957063 524001932157 -290742431827 -373472760268 320846528240 195078657149 590584607484 -74931442934 -152586200635 -173792042615 54393353334 -133968646485 -224079712764 609450853280 83341522395 484802914903 161790330415 489065219777 -292747601173 -295924069299 205854347395 685914884589 -734736817049 559237075983 -229165450364 -626304535516 -48965423027 5747974684 -40679128016 449495172519 -318372186019 238868461748 -333196896121 87009432756 585230952730 -11350580649 28574860424 699743298380 935443935297 -464444731 423775156405 428559546031 118508914771 452394268029 -528655105972 687024810782 -108261486512 -326441447487 66775157519 -318455130729 -358631115464 -28938221616 87183492540 -498094643429 542762486411 -455861932375 587994819605 -129073241621 855055861450 344270531727 -131654410088 169340484357 11784209970 570696390974 659883756743 -170975881557 657426717830 -144844534087 130736673057 -769290835302 549233167237 -316141281409 -49080515227 31677239830 298914809583 237733322128 -293326065899 420025138845 147303328773 68522533483 -255696542096 -237912812498 -261057507387 -159263154414 -444351849036 311432504522 154728534128 -410227033788 163300675557 -372899358927 -124634844411 398185519297 284507290305 446307941348 563700848263 207035405384 -90843149880 -381024494367 249560347123 33342248347 594561031737 107787547049 -84401114742 494453948729 -411214502570 -429971543108 271831906700 447520130466 -132749076131 611839771931 268146484665 -264770789610 -31030801200 -752953567356 98210481233 -559796220267 -388814935571 -725567380680 -320859739436 212495447966 -376147075147 -615956662024 -537222606142 -607098997069 -374083899734 -461429005694 173538536155 209453923027 29277416776 362526205080 488732582367 715914155966 161874161874 -247004201992 -707285492593 -376039914188 468377096070 174683455395 619212046249 16153660276 309555506854 -799097191655 352576624621 -199216093056 64480187568 -187290395301 104583592221 93175289880 835746007526 198199508391 312609665720 -38508646919 -255754338170 -825476249218 -317169550913 -28063857498 -9123140078 -70221873119 -253040951760 -483614863394 147350907593 154012380557 -75868609141 -31595876832 -167324420183 617209888710 -286648449901 105148388014 -283133075786 263689460745 -499070677436 74773587847 -773771702290 -361969850216 269517363362 396257590379 -358405157743 41028154544 -852754916246 -167581656743 389203722078 -433618602923 -592288574116 -745195093100 266302824918 -66997731259 179044190267 749946036312 830206470971 -507239660929 185660159108 29524660776 554382388041 -293604033404 -186072903752 499808182787 -102092005374 -656110086443 177508464151 -94752435608 -309268788761 62520313072 -308426133279 201295945946 -157258350986 -466026330858 342681893526 197941551637 24019035761 -68061110521 -646637593290 43277714460 529795499031 346212219907 -162723778750 -292840956050 -228088491545 -49574431862 242361490232 -789416704885 -114272968286 -1790852771 -477591229544 -734777020813 -266038949175 -467812778630 740012505957 761003269221 66628922714 -419479836509 -413116877541 57026098531 549844953175 153063914070 -194196255746 -214964683540 257335433598 85338460757 55719764298 464007499776 -788243395759 -580029739619 -727945115197 307640952607 548405047439 86811009650 -46119337434 -456036653880 -95406672841 34151358033 938317701556 -711694691843 -2432556149 384487391484 15381173229 481722768061 -150079489398 762392595697 571377456081 -149705551929 597014171379 -513026168846 -152864765920 -439515751330 425277153992 -464680703491 679840533146 567750826558 662711844167 193825622931 -42250089921 -256357274262 -86139579406 -720351441804 128794936080 109155443041 -296729632696 -728173459168 339412491658 -365857961182 -237350300920 -463305779689 685026471664 -693172248273 -448992001677 295117391642 373635432962 -128338681593 -585285945590 138840929703 115318237629 -232319538902 198119158731 -194922886848 52603217060 448390822104 -621337382920 594630493155 411924880823 225730058129 26104171664 52073155665 -274941927244 -254160286828 -255009289774 -747200475254 -10944115685 -777650199581 -5609090561 159434297103 -456941451409 399713380285 -461277568423 -410810135970 322551960493 -508441374174 353408502492 795637020537 -337296806826 16927081041 784819137034 -371240325730 113659174314 -326964949875 1015950308 -174227769010 141720718889 -312020730286 315598698920 -54347495990 -223350118317 242620720227 638457448856 16625058960 -384177649432 -303935021570 -167689559629 146781192801 12774213096 -225606266202 356232546744 -799487721539 -209775199341 226020079512 -25363540887 -873962968988 203469942569 -641085811371 146594599876 -113955947241 107996777578 401170670685 -72532565237 297685571156 340992491542 406486924207 100040964157 -483707844195 -631305940690 -720755183091 137785075801 362980521712 417534408559 -250568928970 -16645455327 54648009102 404634161629 -405739802198 -275055356205 88701980407 781833664245 187300726824 112504631792 235126775852 -242803850505 -595993347086 -187787636422 -561757729621 -541149032922 -189410818041 -811261160403 500802390006 418568927999 -8378494617 682788398411 -243627121397 248132931139 -388446625711 302554524053 -250468952469 -328044146958 189424561991 394401136969 715538804503 400115977868 -93901856696 60859590185 -575617379251 124264731345 -752153497644 713832320499 500573436750 5294914049 -346288220565 -60501704407 648622174618 25864984412 -66325641332 -366658629558 -56141708815 314101128354 -764168037703 -327516003755 705449065044 627190644435 337399326961 -498402131892 -347755628863 351498685744 -129875308684 -100501370066 -412941868422 -239440416330 451284406658 569033427642 -672957873092 -50199250519 679852387930 387324778034 -390586687989 -32651100155 -408773980802 184321404948 734970529061 -607788164658 -117317817363 -130020560095 -202522910584 79879498049 7661004135 -885689844070 -193279906568 -296309667938 -430892634196 179781102590 -274608114766 -266139847705 340267877243 -165225447092 178002532408 200206628251 -75975448426 632700281862 -130999977400 -398259941446 773878125500 -530956855574 197488521699 132125047108 -605592387795 220926108218 -681204658934 -516926332871 -51827735255 234714770036 181146548283 -442759120999 99620096303 -514163578790 -351075770697 79106690405 273454909057 255119076587 379407935295 467745319963 -513299058338 -31193939674 302456268625 -294192548420 389405996294 -284913354548 333586296878 -496684339640 31427729657 436620930654 -113696926825 -255381853377 -228135023305 -3876618342 68702730697 -634796969311 -15773023936 45311773443 -349165226552 89487418478 -5088179117 865011833813 191672269010 111133786854 -47985381262 -343939342445 653843077861 -136319696695 -141837213541 55767583227 178272107781 -201099006184 -331192728239 683078934990 211230797167 -875075392175 386578102224 433480502221 86289279205 260824782068 -98611290853 634973576310 -684746134747 607303655235 -653059297935 -784186762357 -317488569808 423559249341 -743329905839 53120712074 249050219910 -82341456797 55218363901 -506738694667 -167975857944 -73212699341 -207621991883 446125632587 586760926100 -50051146898 536373796215 -192798615092 236077578060 213577968275 -531997000381 904487693815 644357630734 -74260960859 -184635837733 -108351167731 210639672091 439966091681 566680039229 -63186231985 672204656947 -228316641080 724575883499 320748905083 -153793797930 -209154973222 -562855131804 -657342305261 -79262672123 -421655282473 -452858106200 -40409975275 -381384283394 -610519612289 169893649783 372446637252 29632064962 79738114386 -208328319855 -72470452836 69245506066 -255520887728 142462481717 374856853151 -74450423316 333590520057 -484104950682 -37509913522 223054217297 106274683534 27298912544 567551214759 248164382786 688640224973 744833906341 -74345325140 -54868244611 -209230218889 -441581152649 -118846598309 -334039484541 -121097865844 536216476115 -317888782602 260501894356 48397179019 568144900217 -339569328452 109560297840 -37896978378 -343172303573 355123553580 161355506456 35187298701 532312619752 -163989619704 796627151370 -69500723954 -577364593168 805875072142 672653431239 194215463289 283246394627 -632688534272 719355624656 -609059230255 -174171262175 157630772444 -115043168029 99623479570 329550806153 -396925781788 -482576959166 302914374976 -268501729283 -466344149418 -176779000981 -514574972840 -271043306116 51904186356 -333328887713 597043607579 -642690154939 86075629629 -520356711714 -41463021623 -202572069861 -261236884688 -807942161559 167216888994 51932558586 -836371534450 -22451395138 -230674441946 527161612580 -471263061032 700498091615 362171251413 807623799963 -626839027572 309129948170 750170704047 234122129948 348546918892 667830194944 -51312592780 -576065140441 834032215223 692051772417 -623145678620 -56729194626 -162190912724 -73625622771 -499087094976 958592900640 284229357197 573289626149 -260065397818 -29424488884 -43988298279 -789854202233 43807260598 662031697220 -382362893169 -636852876492 -201167482989 -433595720569 502706249201 351464750893 85975735514 -408020780139 182992758398 410360845808 193231938188 -145914984658 601156569269 375357494207 -507490961752 322577951633 70793794967 -227340527272 431739414257 -272493925247 694433694117 -176867423684 -551698184348 -379387944198 -341426685731 -106886996373 -202509473406 84521940735 131277237825 -247415806810 43851198219 -263484886321 -123042520433 -297653139989 315509922047 175566423978 -128892701878 414079926203 -113931683554 -271985777008 9147130350 836073590423 -214650334424 58368491136 -220986928962 -69052192451 610665460701 -572571227588 -243613217545 -66029932818 490144854910 -467523469117 396371555997 229842582378 -109908562232 343366343317 467350664686 537416195314 -803256346690 106501157362 -477266407446 143086959172 -58056007200 -691849482982 392471325584 347657232481 -746180648852 63641177292 -398828557790 -46120706166 -368622165726 506672649418 171426571935 229783083709 169979111685 461627462995 -470458510266 10890815163 -82185583598 287607678375 538236017817 16112588549 -513402549303 132774661317 783683705750 240841489817 858983771373 675979570543 194144601086 -108456864328 228635789691 -447071970076 163151187922 -167465035357 512677320628 -172183801820 -188399420655 171976466328 679296226328 456100506607 434724517626 421677919320 452974096359 571476015556 91851857679 -84793674332 -136464948959 547510123558 238086792591 680720836858 -651581061882 -162357494319 -198316015367 437136778651 162857910678 -278957955960 -725515340338 19968913287 -419548216303 -574194910006 -353687167473 -269978400705 569458452087 100026333015 310704634683 46332180801 465041148937 37275673582 -62263177199 77000434446 -215419099836 -65168653615 -562697569966 333891995303 -38388995604 -237449584257 -102474786945 -431370585399 -68443774531 508656214647 162824012374 649496487288 -290159490565 -566050389188 677805133786 488046637490 293520009379 137405260939 61413835911 -47432470923 378209441973 203600549156 
526155 -418376 -90348 701092 -33263 -452034 -381714 -353887 -296778 510727 328915 148110 -290991 -288657 -293542 549252 -681093 472843 -589667 320540 425804 552435 606835 323947 415069 -47167 747699 -613683 -60861 -307189 627766 45335 270105 319659 360085 -385119 -20106 822775 855526 537669 -26958 -279928 503106 61466 -291804 483958 776705 566775 333093 -237159 -175045 -502539 -450418 -131320 430408 233452 6772 63964 661183 -491084 -124813 -725266 -133190 350693 399648 -138732 -63474 -569193 -682413 523559 12247 99233 -591962 108863 259178 318365 -188497 349428 189536 -271455 582983 -359010 84624 -413497 138950 -346347 -365676 48420 -709947 -860880 -702397 403156 -558311 508680 -283404 -255253 -290659 226422 659008 -380284 -217 59600 268351 576246 93714 406191 -608311 -225000 71666 393259 63222 21763 -878686 127260 500318 -199664 500919 -39846 -19623 145301 -842292 390972 29503 -394582 560376 189148 -446362 731114 -166125 693328 -452502 -732886 337461 -422031 -323424 -363838 -466314 -462377 469793 -192181 184941 344474 803077 109917 127987 -241966 -166172 -291951 77473 -609961 -445931 -296003 -534067 195968 426034 -122502 -584944 110759 -474991 -379296 84161 605666 -636213 876614 -358470 -253878 97016 -315770 555282 -349705 -195599 -563146 269600 -162239 -181684 -306767 -53315 520512 170657 395211 81281 446923 502538 -382626 173125 -233220 -136355 272130 960158 777065 39987 -50098 607336 176107 -64795 -240868 91895 293083 -65015 31427 -112474 -395697 350008 -768806 54731 278432 -711158 -339397 -111617 -16154 14422 41660 15962 376248 300535 65269 -573643 963503 -154047 260160 -267930 400740 -754353 255092 197957 457389 -943690 -196375 -193172 -244765 374290 214135 -125902 -129506 417528 661685 -406993 42935 9216 -353283 -736006 -282813 159684 56676 257964 -543843 -646629 166022 409501 -484837 36444 509048 -409116 132823 -448735 523475 -283877 -46873 165184 517615 548121 119780 78418 26915 244086 825319 -423889 39305 420873 376709 -353105 122423 220652 -66855 110058 38214 -754635 255801 230199 -642354 429501 -591041 102576 165863 -316260 -814015 620331 -675799 181802 -542119 445634 48236 626750 -76899 391115 -186552 275634 -318554 522015 351252 9116 234188 -716587 -892311 360277 233639 143688 202847 -161739 -463026 209163 533071 477589 54171 -1221 607118 -420277 -128859 603886 -322761 840432 89922 44795 -35422 -552036 -458354 266811 -279132 87014 393310 115334 -251433 250599 508234 328052 720788 251959 56749 -170276 -785936 507503 -196709 535704 -160633 475365 597870 -705793 -278290 -442959 -115457 -59992 151742 -320787 -712668 273580 -4274 -771600 -102857 -143452 -165320 -432814 -338867 -849370 -105261 292458 -6591 26187 174390 141138 487978 -360982 415610 371360 -859744 102685 652984 24813 383802 -23942 242629 -266031 635474 521562 -556036 300068 102846 -298858 485363 -143043 107863 -368828 789573 125366 -109770 291389 100742 93093 -97615 -343975 197520 -919452 30944 366128 343803 60553 -723107 -168231 -231457 305773 -568066 -579154 316949 290408 -147043 270214 -360590 46674 -410736 -201672 -62895 -548094 -129936 61533 183497 457810 -575723 205069 419313 -265960 513303 237536 -26014 -749906 -196082 96558 694964 -757462 782354 1166 -601345 211109 569594 -224359 -227941 -171785 -250401 464168 49056 66168 250138 -91183 -403674 193151 269249 -508691 -57915 -124506 766893 -121131 354068 -375421 -604682 114462 167276 91759 -787788 333923 103718 -419197 451198 -45445 403416 404309 234862 -292099 78747 -665346 -490726 254467 401927 185877 -669092 -721950 -160460 198965 292682 -252107 -12999 -376206 -61955 750868 -75024 -215321 310221 -533356 -202577 -181782 374098 614608 40911 -31788 -696605 -62625 220904 -479939 320601 -86120 64339 -362947 -495539 271829 -282010 200364 -50154 -299411 137593 -27038 -199605 -505289 -530651 304630 248709 -27892 -298813 -540222 85339 -71229 691689 158492 342375 -557834 -182480 391965 -124672 -739460 -288783 -454435 -444163 671788 -251135 -19212 -113736 -849057 -109893 162362 -422201 487342 -231370 826055 263299 108271 -205623 454386 460676 46203 -264562 -71979 191522 197098 -64356 198086 296885 -356012 937098 163038 863253 427664 -429391 82741 -104999 -223881 -265815 -421469 -456421 -379165 323594 608256 300273 560039 -21909 712739 475892 543008 371366 27495 401276 -265053 -501423 -16032 648737 131720 450950 -268440 -451461 690857 -354917 -473193 610913 -283043 -340823 -270459 -252627 -203909 200200 323146 -274250 734237 -154224 -23874 297171 102489 175193 -248712 392669 208200 154746 -148717 250348 -425278 -214836 -352349 284312 203487 806760 37122 -9735 -106249 -165660 245128 -54426 -368030 -228519 -781043 67385 -539338 -91296 460009 707016 -5233 185678 126068 912173 36355 -525698 -71099 -286210 -7255 -319098 203959 158996 585498 131585 262750 -623545 -309458 346755 -705388 510958 338172 -573466 -629326 -145501 291038 603778 698061 -124995 80811 268910 41921 220371 262522 203396 -663774 -285570 -327388 26460 -443445 -897193 -534207 -222837 654611 -660173 303657 -151252 -183535 170542 -63371 -7339 171486 196124 -537798 -201825 -269166 -158696 681363 16162 -456635 255801 160150 268086 56079 187478 200988 -81101 -115192 207560 63998 302513 -120376 128807 3793 -892985 124967 38283 72881 -817905 -478533 493900 412594 120927 396768 582146 125935 -838128 -494549 475077 -209857 479483 -290699 487917 42362 -139338 -702953 210256 -296970 -680550 -240986 378762 5071 129789 143549 295408 -471526 530555 -8525 630811 -185103 217130 303390 301027 -345239 -23007 -234982 463584 -232547 570426 329213 66794 252067 -244469 -9571 42200 -27115 -900628 -440619 275908 -760502 -25865 11644 88132 -98855 495491 241194 -119183 350746 -92120 -467657 330083 -126616 359165 792954 -515278 715928 -160996 -543860 344054 21379 -730789 -101627 312710 439680 -4653 21437 778748 -352023 360732 346700 -821009 -169644 -64242 -239094 -160715 710618 -31232 94223 421354 265172 644300 702003 -36573 -248040 566601 108429 32248 616062 -498482 137526 -465533 616800 409268 -185146 814747 -172268 -330221 -599722 684760 -490380 -433597 -30084 230481 11991 416924 444944 70304 387924 311414 -470036 -772005 -224636 50728 -639449 -256549 52543 -271668 818968 414456 182493 -80968 54616 -494327 -200907 104966 356800 592872 272417 507851 85349 5676 737720 -616157 -583710 610220 -130095 -755038 567310 157633 -370683 317987 -75071 -871933 -549523 -787267 11603 -211509 -45025 380743 329883 200431 78708 533530 -805390 -140409 719299 23759 -263120 634285 -558874 -855748 -1682 568824 126835 603642 320450 -272514 -317693 730849 -786428 670427 -381330 -540663 -639346 752292 -656755 -624311 675127 311154 93942 158522 50390 -40675 4930 -57036 901253 -383811 -766391 -621744 -959399 282729 288354 -532124 -517075 -56709 471527 282505 -428648 213001 629039 54423 -47181 -469652 -238767 628325 279187 -6467 408101 10445 178451 -152174 -92474 48869 193161 678404 -182712 -927032 419918 20906 74950 672074 771579 9054 59479 -403003 -539162 -141833 758994 -497967 320040 -167539 377553 -440570 -2280 81143 658922 746619 -365040 -419187 697846 42634 -232985 225834 190285 780809 487220 -622430 183239 168978 -3952 -422704 66748 798075 -275629 349579 131011 -448356 -142315 333419 332982 -328561 520943 85575 -441429 298603 142838 117368 -151877 -67512 -810235 374231 -218434 135742 -571981 -51206 27725 181669 149143 400633 57213 443604 715146 469230 -607191 -580252 -15515 -319184 490152 -582675 -146626 -578217 246225 228807 517805 188922 -385858 -224438 699085 -406542 316037 -150514 -163533 102807 937471 -141078 21559 294849 -43771 820600 -481293 -523448 -282580 240590 -660995 -479932 -185073 106245 -268178 408077 156869 148469 -208419 -340358 -579611 -256713 -702171 -579355 -50488 10272 -604453 402275 -335417 197771 722200 270160 894584 457551 276659 -457791 -295180 -573373 423238 432655 249363 -194688 404007 -344558 771180 -89698 51886 -59422 -299687 281462 368566 -900266 -26192 267614 -602604 -555705 -58806 -428114 -133152 -243506 -184576 -617343 -518412 -70975 -519767 242603 20647 485433 326236 954182 -51759 -485618 382065 -518485 -37112 -653801 -361982 -631697 -260760 392686 333158 -98194 251782 696554 -106316 -469187 -130757 -72734 -714554 -519627 -481697 192431 145074 6062 101897 390377 198033 299583 -242861 177257 98683 -187454 597332 516293 -24376 223629 519266 -96747 660880 -16135 -444327 206387 -568150 222175 104718 -722634 232751 134804 -524838 -434187 67768 -793421 693653 -462519 -359269 -10350 -171498 -67637 358897 -191604 506103 55760 976595 312629 -93106 909235 -306474 -366425 -906891 604811 -107499 293306 37570 336176 -307353 69894 -470706 -330439 527395 34020 -248463 -329088 -433629 352426 -70781 229660 96957 -773712 70683 -232349 -500790 112720 -196077 304753 -339806 568800 -70335 -672166 170460 -334215 -295553 212665 -196270 574835 -795101 27429 426524 -276889 479942 -656075 -169649 572202 201984 4355 -264315 196055 -529560 838117 -499050 -522235 -90023 -469132 89818 -218292 477927 38600 103914 699331 70956 -15239 135451 180356 -786687 -478626 -745336 364837 335868 -85167 -88377 -572737 -183242 320489 387059 -5270 -862585 618878 468575 15678 -629945 -293401 229224 956755 563022 -114435 -718237 478849 224371 -558888 487657 -726625 -452657 449168 -358766 164550 -683973 -449092 7094 748814 -258610 -47178 -573844 751503 -22178 -57067 217486 96162 94214 50864 -538701 573085 -802787 -403168 10801 6936 500603 208189 -585181 -226707 128759 143007 511585 52722 538730 -33569 158656 121920 -451091 321298 -209956 423024 -74922 419603 88393 264920 179710 649337 -174750 -136240 608765 287515 315773 113650 680939 -85805 -425293 197462 -64609 -30409 -552612 107025 469299 69920 355601 57341 548670 -185242 -710361 -87437 288471 -565599 430840 -76151 -351273 -341144 -180003 -77992 -303338 332564 -671379 -67848 -298963 -102018 19199 -244287 390385 617020 -735379 224586 -14340 288039 -666099 463341 40551 401751 -509448 16257 695497 79652 345094 -185315 165433 586470 -308722 336794 -260335 141429 608234 912 -480154 496232 489393 481239 -383533 611288 849786 -546297 505391 -372962 67806 -342536 -70382 -431152 -356490 124353 -170285 -259641 133015 15036 -66356 199195 -495075 717184 -636397 -136924 365916 198244 476097 178297 -137682 812608 -720017 385716 -188820 371119 -43085 94892 -914324 -739642 500773 -744840 102535 -483939 688927 -262351 -120170 302733 -335881 -217937 -86290 -86288 -909561 324426 -112598 320282 95654 -490406 -267038 -20955 361578 273014 311275 442601 -64530 246456 -878688 523454 935049 -536906 -638442 -255173 232660 -187638 65066 -372293 -552604 683337 30062 243858 14611 386895 -340034 601243 735034 -331984 672433 320236 -393041 -228536 70559 -42658 932492 -263445 200544 -154679 -206681 487667 -174901 605701 345432 92409 -433670 636138 -471623 285843 -442685 655888 352161 -217573 -238337 225934 -258713 -232473 -59067 -127810 14501 475344 -439824 737014 692081 -683922 -84908 -264944 241636 -603752 -351604 73570 361046 -67225 557167 572293 80928 -222604 -247212 -496559 698903 470165 -240876 42653 -478506 -236061 156167 592642 -426829 -183178 678277 -155175 47176 348327 664998 -85640 211179 32395 286530 -216967 17974 -600835 -616143 147314 -246977 -168877 112138 -265797 514078 -269338 555559 75758 280557 -98289 47005 193250 -217277 4324 -602552 40239 304823 -350850 506684 -719060 -81437 -209419 -153003 -709709 -106786 329633 204904 -522278 -652929 -361767 -573107 184826 -170658 362551 -264610 45867 246742 263185 121777 -237691 35196 -366783 440928 -32161 -491608 617949 -461760 428883 -301965 -35330 -102996 425976 775734 -177924 -390212 -209499 209032 354927 497477 -33740 -427393 358830 22946 525882 319031 288915 -520343 -599853 -217404 -55883 602483 -289773 466369 102762 -104615 -420971 -441403 -502323 467441 487535 354727 -56714 -774316 -183749 769793 462778 264282 853007 -272215 -806219 893339 108741 550777 -451845 323055 -838349 49414 212070 -667795 -797646 -51092 -239345 177583 -544102 110463 203212 -729590 370498 -239334 -303753 45146 752580 229331 -329499 -101965 537334 -112060 -201743 -944080 -309519 -399485 415346 -5656 -107634 239914 549952 -492877 -277149 73231 602866 -396056 -363703 23883 474594 -67423 310232 -139658 -369178 -188556 -154072 101799 426327 549562 -206832 116407 -382834 483211 543657 601023 73888 4671 486732 -58410 6824 -245011 -306352 -729198 191549 144239 844171 -622258 -2314 -168740 365464 -296223 171437 145611 -124850 121316 311224 313045 767045 -107028 289776 -450157 112916 -414893 352429 99482 -402988 -939918 567879 712453 -320161 94688 -429866 809899 659657 -238284 620017 512612 -487188 -275321 449266 -191289 700832 -118543 -903377 -388690 -120323 -312055 -157631 -721169 -329766 -620439 -49855 -192285 -268207 106279 -554619 410338 332089 -5859 -408858 166468 289769 47074 -231236 15265 166906 -267379 -337250 83088 490563 -58569 493989 974379 -304866 318712 110250 -166776 761890 580200 -173820 -205695 -875353 -160225 816649 52268 669765 -9165 -182252 -207711 -263916 164992 -127299 -64133 -81557 724315 720986 -445105 169828 -312867 212547 -26059 -653420 564319 151825 -229753 -598890 744567 68445 89562 705601 399998 89981 330314 666669 326348 -123509 -147412 -438479 66104 362397 -542055 54439 -149157 -276469 -57687 36709 15374 -69585 125043 -471484 194407 416544 237905 68060 -452161 -40843 343450 -1338 -13650 -70392 -566938 116119 -58100 -88081 -27637 476138 117488 182467 -771291 -187626 -680652 33756 -23544 856242 362607 -61806 -404912 922712 -576136 -99331 778449 -220643 -500184 102069 -170522 -34019 301207 419601 -220506 -459475 -226915 -93589 76392 111718 -97839 -753512 224070 -746720 -283251 -376524 233365 -750350 -4056 -566252 -664976 677878 912954 -463343 -409553 -79806 649946 -282749 -108377 -381393 238049 -161727 -747789 93077 -28441 -188700 581993 -14900 -617020 18821 -313053 228780 75344 -562629 -152777 -371187 209698 -551139 628350 184262 -76780 -515965 619216 506609 878333 280711 -760700 -274588 -93708 -116223 128053 -577288 -218350 579590 -408329 145606 -64657 -263823 -163547 639395 -840285 28632 -555371 -578262 30598 -11819 -72672 462833 -125520 31165 -468065 -203885 637560 -147924 -409241 653348 471416 481335 -147373 -285186 -110842 -547018 -459526 113401 -9285 120579 416948 16429 -303825 -593099 -211688 687219 -167686 -204061 627647 808929 78836 402534 -290175 -64753 181941 -544105 -232457 -247337 -808300 -540469 11511 138063 68651 -325154 159450 68304 360336 -104284 -334728 -158285 143388 95928 -284696 467342 -242329 -640207 -284284 -724294 744521 16997 63267 -171634 141786 -201296 214684 -253788 -331534 -224153 68104 266515 -943512 682915 192382 -728270 -441002 -151492 -754728 -354021 
1004 449 851
89 326 754
1575 797 705
1631 580 338
1146 691 1576
680 1247 1492
1432 1639 1468
892 1733 1329
1223 16 321
1535 1820 263
352 1218 247
571 1517 1224
965 11 296
364 1283 99
2 592 112
1788 1076 1714
1175 1193 1677
1665 1711 340
1957 650 1736
964 967 1053
904 484 1427
1267 1583 1867
1972 124 324
1418 1783 329
1475 1594 1984
493 1623 1210
1646 1685 1452
842 586 990
1754 1261 1008
845 764 585
85 281 669
1699 295 1718
1329 1171 417
1812 714 1973
1712 1681 1448
907 1372 1341
1170 1413 534
1064 1904 446
971 1639 962
1032 473 1078
217 1538 293
339 1361 983
1028 1741 964
215 1861 38
1063 891 1819
1812 1827 1528
655 1973 987
1847 422 345
1921 774 453
1419 497 477
1857 1336 711
77 1323 1451
160 621 823
462 874 422
358 641 1246
1007 1076 334
960 735 535
1801 674 1063
684 1969 521
971 1030 1576
1620 60 945
792 1774 1015
1624 795 1859
1871 841 1843
1454 443 659
573 1099 291
862 1927 479
1825 476 318
1066 1813 32
1182 838 1066
1851 577 1313
647 718 953
1010 1049 1950
1046 802 913
1725 1705 1313
1549 1333 731
1672 1432 1466
465 1767 47
535 1859 1294
1332 1369 1374
34 1817 785
467 1936 560
705 103 583
1552 423 1375
1064 741 919
96 1418 995
996 272 977
119 400 464
1062 1209 35
1106 810 1278
1583 255 1446
886 1402 664
142 1545 430
201 1525 551
902 598 34
590 348 1023
1412 1769 265
852 167 27
576 191 1414
1681 724 37
1602 292 1302
763 447 329
55 1125 1032
744 1491 971
1556 791 556
1943 1728 1461
1962 792 943
1134 733 214
171 1540 101
1861 1232 1192
1580 1660 1337
452 443 673
1900 66 738
1225 522 1965
1285 376 1094
1917 1339 521
1152 410 1076
1079 1150 1395
926 1337 1788
1585 301 1377
787 1242 498
762 509 623
790 1583 100
540 326 1150
872 1732 664
1424 448 793
1810 908 969
1886 879 1834
258 237 643
1482 64 1725
518 1242 622
1467 1189 1731
298 1952 120
1198 1901 154
79 484 759
1979 1464 971
333 1051 1533
774 1322 1268
1675 1162 1196
809 813 279
349 1935 1053
944 1309 211
1630 543 252
1541 46 1874
1806 1074 1526
190 1889 420
861 1756 1734
1812 840 1722
1416 1454 412
613 1350 1189
1012 733 1727
301 938 1264
441 609 70
1745 1661 1387
1426 49 1073
492 1739 1082
610 461 1693
1581 975 1630
1881 732 1321
1745 1666 610
1848 1352 18
1373 245 1241
1649 503 1846
768 61 1879
98 1659 1431
1447 1183 349
612 1149 702
1776 781 1561
1471 69 787
1059 1472 1437
145 205 1082
190 678 1727
240 1975 1
592 894 1105
1387 860 807
1577 1010 1138
1256 584 735
673 244 837
1321 1362 1654
1878 301 1153
913 1488 1345
1738 1778 1881
279 1787 1835
1563 1624 733
984 430 174
277 154 913
241 1046 1599
1238 1608 1245
1789 341 1423
561 594 837
61 647 1808
1382 1702 1993
1286 25 1381
1359 1447 1888
991 1046 1582
1214 1054 593
347 1700 530
1670 470 1298
36 496 1374
968 1650 693
522 614 637
1263 482 1856
1771 1427 1529
237 775 1292
1155 398 97
871 1715 1185
1973 1188 1499
1951 917 400
410 740 172
738 1684 1
1050 795 694
1346 442 110
1290 160 114
1892 946 1040
709 339 1087
92 565 1561
894 1762 602
1464 1634 1250
405 1549 1326
1851 45 1205
792 1499 1309
1003 506 1070
1709 1051 272
653 345 142
381 992 188
1280 996 1521
1858 1992 678
871 1895 1937
1700 1116 665
956 1920 282
97 541 470
1617 1096 1680
956 156 1323
184 1937 222
1785 1163 775
1751 1617 1888
1894 1267 1613
660 205 691
1755 1526 1559
408 649 284
1317 38 1950
177 528 1879
175 117 247
616 1439 594
67 1039 672
1573 439 649
1744 1125 651
127 435 1122
1421 1548 314
1529 1287 812
781 774 476
361 906 340
1875 1951 1608
683 198 1161
1177 538 248
1719 941 1042
107 1341 904
622 574 1148
1561 699 1631
1611 1353 1560
558 370 717
1383 527 1156
411 1908 1030
557 734 889
1559 1465 1118
641 1788 581
1531 1685 1702
1739 658 1306
1129 1190 934
1080 1323 1400
1197 1986 1659
1458 253 1959
1544 638 1235
239 760 1783
1257 466 1863
392 493 251
1308 1996 425
700 480 388
8 1634 1983
388 1729 426
452 1020 383
1400 472 353
666 529 1291
1970 1184 1626
959 305 783
658 1510 1767
1537 1332 1400
850 545 915
1810 1345 872
107 1924 1393
1829 1537 1592
776 563 1813
215 614 813
585 1634 432
1840 1670 94
444 708 1280
458 1708 1973
1495 1043 167
401 738 245
825 1532 1291
1357 248 1627
1601 1325 1902
1020 1672 104
1727 1682 527
1779 269 253
1819 60 274
1830 17 216
787 1139 731
246 1783 623
1833 61 417
1243 1241 1820
172 832 497
483 1714 1720
885 1189 160
1274 783 122
870 1326 917
1707 226 34
1807 1882 951
1734 487 33
384 454 339
1234 555 1964
1814 1958 337
1093 1865 113
544 1829 1112
609 200 1833
50 1466 622
242 914 703
108 107 693
310 1958 1728
331 1638 1331
44 416 1812
1377 334 1745
961 1208 1548
465 1524 1799
1047 232 780
1726 38 806
1414 1730 1755
933 108 486
1048 1490 1866
1320 97 1394
1408 1968 209
1116 1823 1536
1307 506 800
725 1470 1461
875 1631 629
1681 1215 585
79 1470 138
1331 1140 711
919 785 337
1778 738 137
1767 229 274
1 1131 593
185 299 1348
47 133 1355
953 516 42
1490 1807 577
1915 872 849
1408 309 639
1120 1832 1432
1919 482 1257
73 1206 591
1950 710 1002
795 1057 115
68 1288 1182
1077 278 553
1143 1054 1042
46 1539 473
896 507 1947
850 110 1326
1245 937 677
1214 598 251
343 1559 1582
26 136 1008
1878 1861 610
407 1445 1373
1585 29 808
1690 482 838
651 548 621
1000 737 457
363 18 399
147 174 1436
699 575 509
1652 556 1963
1267 1103 429
1177 1202 128
1063 1232 111
1793 1025 356
558 1281 497
133 679 1510
1685 213 114
1866 521 729
820 41 347
757 524 1395
1871 370 1114
414 341 1027
1217 315 1394
41 994 1507
452 1357 1872
1793 1064 783
931 1136 767
70 495 1124
772 1234 1055
408 348 157
1552 710 17
325 1150 442
1734 63 1670
1584 1499 643
1824 1596 1849
1714 1787 1372
1315 375 314
918 501 1369
1885 9 1709
655 1705 484
858 816 1603
1085 287 1404
1048 1141 952
1249 462 1009
1405 1303 285
749 1103 366
613 732 1351
1552 308 1350
1616 1161 1495
1392 1987 1170
939 576 1387
905 1720 458
1967 1626 1141
774 426 1251
1672 1046 1931
1454 492 1608
1286 736 1648
288 1496 892
41 341 193
402 919 271
1945 439 514
7 1044 1439
532 1388 1162
1375 1234 1105
1484 941 1468
1572 1626 1648
1680 428 1656
370 794 1190
426 1461 1138
1639 460 1817
441 680 1266
1820 1571 40
496 134 1964
1027 939 262
911 234 1089
737 529 1382
1969 490 1014
1950 1185 1752
1542 1583 787
1403 399 435
177 1682 1646
499 1560 1620
1637 936 1689
1590 458 1799
572 1487 890
1506 994 435
1161 1577 1659
643 789 1083
463 1336 386
892 721 290
385 763 801
311 181 446
1244 1593 32
1498 814 1185
1922 956 1721
634 372 1524
568 719 1573
1413 1269 1078
339 1147 1366
555 1792 900
1966 815 1141
1693 52 1737
1999 719 333
1673 1435 728
844 367 1479
1589 1218 72
1304 384 1176
1626 1082 127
419 1306 1560
483 1380 306
513 1258 741
454 408 1885
1513 526 72
162 1911 1470
865 1679 678
1114 851 439
440 191 10
962 1916 1748
1589 548 1073
344 428 1897
222 1172 1974
612 197 928
60 49 751
355 601 770
925 1606 504
545 603 1892
1306 19 1823
870 437 420
1547 982 544
1010 153 1332
1224 1067 1170
684 1900 1575
161 1382 81
119 848 714
112 287 766
182 1313 1589
910 1309 1157
195 643 322
1028 1526 1501
1019 730 941
1891 1014 1878
188 1770 1757
1398 1886 222
1169 1728 1474
1831 1279 404
477 1761 1120
511 1063 785
1783 1778 43
1618 444 1491
1542 984 1668
506 1047 1325
1165 897 1555
1268 675 1948
1625 627 406
1512 375 443
1880 1268 1993
1357 160 1018
940 1545 758
796 115 1402
1553 355 1376
452 1185 893
1003 184 330
815 395 1084
1781 1534 1533
755 1225 952
1446 301 1339
1387 1014 597
196 101 1293
1751 31 1476
557 798 900
657 540 753
1364 511 1807
402 1182 237
1673 1058 1256
1078 9 1404
1373 1238 1668
1755 388 34
1653 1493 1611
943 416 1850
1084 1959 100
1915 21 1031
462 887 1477
1530 1539 623
611 277 922
607 1576 789
169 1243 1973
663 669 1398
693 1157 1285
907 1414 1126
1580 1994 169
1737 138 940
493 464 1463
899 144 1660
353 1088 761
824 1628 1124
1910 582 152
1042 232 457
424 685 716
32 294 147
626 1640 1122
1013 1669 854
1908 1091 1887
49 1666 387
1941 1515 1781
319 898 894
955 732 531
1423 525 290
1529 1386 1602
1605 1150 402
1896 595 1389
1106 408 945
442 499 1985
17 1931 1157
315 135 534
389 647 584
649 279 381
1825 304 976
550 1742 1227
728 4 63
651 1180 277
119 1337 381
719 494 1917
416 1754 484
1465 1340 860
1689 852 1469
1811 483 256
964 972 426
143 1797 503
288 1700 1236
1103 734 621
1360 638 1447
1024 537 1924
1290 544 954
1319 339 578
1652 601 1747
382 1534 31
538 1139 634
945 88 254
83 1034 1821
405 1693 1804
1414 1547 1205
72 331 1976
951 241 87
1631 645 1779
806 876 926
1260 826 1416
809 355 1239
831 807 1965
1337 109 1757
415 586 1658
1804 187 726
744 777 1498
1249 88 158
967 1523 848
417 83 691
1701 1381 332
612 588 1713
1937 1745 1679
306 1453 239
1025 426 139
1788 876 1690
410 1027 1103
394 1151 1889
1070 40 385
230 1791 1136
966 61 701
1800 816 929
432 1190 1069
84 64 128
123 967 458
754 1662 591
289 1965 1395
1388 989 1594
213 253 1115
1134 298 939
1901 1389 376
1257 42 1617
1873 1056 1306
696 536 204
1541 1701 296
1672 1134 1484
68 1538 273
1873 930 1020
1598 1628 1106
1370 1811 1417
996 1499 468
1565 1027 856
1601 1165 1897
1526 168 1607
1643 952 1366
1506 1038 1698
507 117 434
1574 464 938
698 1481 1984
158 695 609
844 1637 1483
887 834 345
1329 785 32
1535 423 462
1898 1397 832
492 1113 1281
1690 1720 934
954 363 1414
766 1548 854
89 1811 193
589 970 1319
1543 1315 109
611 155 1570
890 84 1229
1211 1623 1547
1489 277 1687
1276 1329 944
12 163 590
806 1299 1377
1913 1929 639
1612 1766 1743
145 1898 719
228 725 1144
898 1420 1571
1582 1795 1842
1166 1528 1599
1266 1834 1478
276 1872 1699
189 806 1694
1406 2000 148
1949 130 499
380 1256 647
1675 1521 1777
271 1881 1124
1177 31 812
1656 303 440
1469 122 1783
546 142 1355
428 187 1234
861 1392 69
1306 602 421
1309 190 1514
290 1569 42
547 253 493
369 1583 144
1578 59 933
1257 161 1966
1973 1866 1609
1651 1532 1524
407 1036 1426
1923 94 1929
1667 1488 1857
1235 1222 1280
1174 1677 1086
569 1922 1324
1890 1805 1412
523 488 711
1213 1004 1258
69 1238 173
1689 1921 787
1320 558 1007
1621 1724 1192
981 1020 645
260 1985 852
1002 1179 67
1613 1237 1185
1277 680 1648
899 870 1266
775 1813 962
1382 1488 80
67 1313 1742
1466 989 1257
87 1525 1984
1318 1516 358
1763 834 1734
848 966 1692
1304 1738 1698
1480 1389 70
475 1821 1088
1170 1639 1697
218 853 901
1576 1130 1064
845 564 873
112 1416 961
689 493 1414
1129 1181 1656
1394 1264 1329
476 1607 219
712 826 1496
1809 1301 1031
1972 1901 1613
864 99 513
1034 1612 211
618 1061 1895
721 1066 711
1239 1523 1495
73 803 625
385 1748 1712
1517 1899 76
673 238 1337
1562 1846 1138
424 1645 767
686 1880 1723
529 643 1507
1397 1247 663
966 1967 1236
224 142 331
1648 544 841
663 1851 1145
1412 844 1170
801 523 1379
1050 509 815
1841 1724 577
1104 1228 337
1748 1588 1937
1054 368 1584
1720 25 607
843 1449 989
192 65 246
177 1656 1929
214 203 1686
1404 754 902
303 893 1190
697 373 301
981 672 1916
1149 1594 1951
578 1305 698
1748 1965 369
1817 1113 1132
1948 200 834
201 1448 1472
944 695 110
581 1262 1814
281 1127 505
830 1298 1256
1811 1536 1060
818 39 1403
524 1110 772
1641 1987 919
947 1771 1844
222 930 260
878 599 696
1803 956 134
44 1882 1924
1001 98 1882
1405 994 603
1638 1806 1249
943 921 1005
840 492 317
747 977 1035
625 1268 1979
1983 322 1133
1315 1546 1984
1197 355 1495
1159 952 422
485 536 1399
1241 858 1081
1199 444 66
1478 779 13
747 1118 1856
1305 1070 35
588 497 854
1330 1967 541
1458 1535 1394
1224 380 1758
88 1614 1372
577 814 197
767 566 795
1824 1725 923
200 1889 710
351 1571 1724
1511 1269 829
813 208 131
1463 495 232
362 158 1529
1353 208 942
561 1462 319
1009 925 1288
1637 387 762
1874 1841 1272
975 165 831
1145 1398 596
1543 649 1088
664 324 1303
1361 1319 1222
581 1689 202
1451 1389 1343
834 1082 479
1348 1819 1786
286 921 1520
1007 1406 129
1917 25 694
281 625 1366
259 477 1132
1671 1329 1185
1671 1992 180
244 1472 138
1557 1488 1514
1833 1677 1570
693 1924 425
1534 1169 279
1547 1697 619
321 798 312
1422 768 1637
341 99 822
1150 994 706
1997 1043 1436
943 1823 1727
73 1304 448
1387 1915 1927
1456 1682 1659
712 538 545
47 836 197
1237 1974 279
497 97 1189
1499 735 1672
1711 1267 1816
755 1619 528
331 1469 880
866 861 1078
1208 1490 1519
1276 1491 1959
556 1989 804
1272 843 386
1641 98 278
1536 1806 852
56 1245 1359
1965 593 277
792 378 698
129 1791 1186
86 1421 464
1173 1915 828
349 1940 832
1364 709 418
1711 1634 734
1031 1355 987
693 1485 1134
1043 1522 183
1284 1307 1744
656 533 1654
385 232 1134
11 1870 409
103 1803 1844
1903 835 1576
567 186 1936
272 1747 868
495 1387 1483
1721 913 1423
1534 1965 7
1991 1553 1752
839 326 1017
1173 672 1275
644 239 953
1864 521 1081
1533 1629 744
190 86 196
1897 1025 689
1316 275 1438
1494 227 1188
1382 1802 787
1092 1675 1199
107 1082 1172
6 880 1902
1375 314 246
1563 565 1173
275 1549 91
1722 97 1787
706 230 1727
589 606 1721
1606 1902 1878
1808 804 1092
875 84 708
762 1079 1880
1410 693 397
1755 1678 1798
1545 252 174
407 1302 863
857 860 220
1042 999 177
912 876 668
477 1461 34
1377 483 1026
768 1818 1147
1657 1652 1503
1560 1058 455
451 1771 1941
1635 1592 764
110 857 1213
890 15 217
1534 604 1723
687 276 514
1905 1859 48
1656 914 456
1859 1810 449
1547 470 972
1172 785 1206
1882 20 1254
776 281 22
992 42 1873
1568 722 690
1453 1812 905
1816 23 1855
1311 1040 1832
384 1819 551
1587 275 190
1183 1697 1363
11 364 1231
853 502 626
367 1272 1138
1296 706 1581
265 1941 1703
770 1807 1359
1243 507 1961
1057 921 1215
1332 664 549
1376 775 1824
85 1596 457
1372 1898 1003
1677 1924 1872
345 1076 1180
1595 555 1966
1134 1402 1418
1413 30 1815
158 1341 1755
1876 831 693
1401 181 1848
1972 1501 1291
1443 1392 1181
1657 946 1075
1780 1178 196
1011 253 31
160 141 1010
1654 817 1998
1015 188 866
323 62 1085
32 890 1345
412 1310 1984
850 80 491
455 1683 1873
1156 928 148
80 16 1113
22 1732 1689
1364 870 1982
1823 315 136
1243 384 1612
184 1396 238
1510 1008 87
521 1947 736
1401 1916 511
83 788 380
587 1892 293
1454 1847 705
268 1189 1726
1236 1516 1708
1319 1539 870
942 1431 1604
681 50 551
1694 1589 937
177 1623 1353
236 1511 409
1000 29 1933
613 1535 1940
115 106 1301
194 1641 1409
1255 1380 374
485 220 384
1660 606 545
1370 1986 705
1029 312 1999
1179 324 741
1279 565 1436
1796 1594 964
1529 1967 773
281 1442 1215
1475 616 501
821 526 888
1594 1075 1180
1909 1187 127
387 643 1041
1268 431 1662
998 1490 1226
1224 1275 1767
61 773 266
749 915 1356
1294 1054 475
192 1554 1839
470 1746 1868
351 1009 1164
518 1596 892
928 65 196
1714 1379 1544
1616 1495 1244
1320 263 194
893 392 1414
1806 98 899
678 134 1438
1568 445 1811
514 954 984
1832 833 1510
1246 98 1480
1295 127 1914
1883 1757 1522
1011 1298 990
567 724 531
1402 1635 1701
1275 1100 1824
1559 893 1644
1062 1866 846
1994 1684 1544
904 1462 1634
300 176 628
401 20 1674
651 670 1849
1659 1359 396
916 425 783
902 1383 397
816 1572 948
67 60 821
640 1580 762
435 652 722
668 1628 838
353 1817 1898
424 417 647
862 719 1685
1800 1632 676
124 1685 362
710 660 762
861 578 1226
785 1901 452
1132 211 890
777 421 443
1388 138 1413
697 117 1297
193 153 1793
1364 936 313
220 207 1952
211 398 1881
891 514 955
462 421 1203
241 1934 1962
1738 963 1712
1377 686 1559
514 1095 238
1457 857 1621
489 1457 524
141 1630 1323
1615 1070 1604
57 1171 629
1154 1641 1721
1916 587 365
1943 1567 625
1162 1894 22
1529 1634 1669
1697 238 938
802 1105 759
854 191 325
1720 118 1395
864 1991 1233
1098 288 1385
102 1887 787
1147 1506 1785
1573 473 406
1134 1068 1585
293 570 1767
1859 537 1716
525 1594 1378
1345 121 1068
548 1562 1275
1525 1408 1249
1210 1365 1632
906 318 1562
1174 330 1933
1290 1905 100
481 1897 767
4 1848 801
323 733 93
879 617 1860
13 218 68
1726 1623 1386
999 1975 483
1220 1756 1290
923 270 423
1802 1229 816
690 145 1816
1311 1359 71
382 1951 1108
336 1748 838
1288 632 570
1496 1243 1997
91 1069 298
58 1127 176
993 1324 1019
669 1566 419
1884 507 1453
1767 1862 1223
1688 1075 1105
1805 1819 900
351 1215 645
1130 1844 87
125 1733 133
1391 1223 206
1190 1972 991
1035 10 562
917 831 181
714 316 1829
1479 329 1465
755 980 653
535 915 1652
893 745 463
667 1362 1096
193 1 880
1103 948 1880
1863 1694 1928
321 661 1300
1754 325 888
1005 44 1689
301 241 110
426 572 1016
1986 57 326
1221 1224 902
1945 1406 1844
588 727 597
38 136 1343
1486 1033 241
1015 1072 257
1570 1433 446
1445 17 941
421 291 688
680 972 1951
376 40 779
496 1577 443
1225 1600 45
321 581 687
1729 1087 1592
1391 1096 826
463 1452 756
1883 711 1026
755 686 229
845 1578 64
285 248 1658
1187 190 527
504 1238 1286
409 1310 854
865 1961 674
1817 877 546
637 128 1411
917 1144 487
1370 1832 1912
1299 1258 761
1140 1493 1991
185 976 1254
347 225 200
73 175 1991
867 133 818
1663 514 1703
830 1223 1638
1129 1913 675
981 1379 1961
614 1807 1859
220 76 1670
1043 1194 904
487 437 787
674 601 1558
1351 572 1282
1883 1097 1732
1018 679 748
1816 1817 674
451 1377 26
684 1663 219
1749 1174 1860
260 362 1084
166 590 477
1777 1546 1251
450 1031 1918
549 524 828
1486 1990 1955
636 1739 72
1407 399 4
765 852 1935
1593 1027 533
1522 1257 376
1244 747 512
1124 1466 1415
140 643 817
987 366 1158
1073 1224 994
260 936 823
207 1380 344
1092 440 1801
567 1466 878
332 687 1737
1582 1950 1490
622 1495 1788
1740 487 1261
976 675 1450
728 759 135
766 867 1869
1426 1546 1482
277 475 1371
1057 1566 917
1581 165 1184
1614 35 1093
1207 1012 752
1953 1427 1663
1496 43 188
1675 100 1057
949 1326 227
868 315 42
1584 295 1883
279 1203 263
481 1275 111
11 1695 480
841 1983 1772
1283 1549 1731
595 1941 1415
56 428 111
1452 204 1170
5 1631 404
37 423 623
1155 834 905
1735 1133 1428
967 109 1422
1943 1985 1456
1466 1479 532
857 1251 636
1671 269 394
1866 1559 774
1386 51 585
1129 1860 1675
263 1786 1410
1910 1664 1348
1209 260 743
335 490 626
1613 1428 568
487 1785 1580
830 1210 815
1831 628 1465
1570 1453 1982
73 113 1913
981 41 855
691 34 1961
309 1323 317
1842 284 568
1950 300 682
1528 283 1219
39 635 1488
1143 355 584
1565 1534 724
701 664 329
447 1642 1496
1683 881 32
858 145 1224
658 216 450
517 316 1416
373 1269 1127
1488 57 828
1189 1004 1433
921 39 1720
705 1605 1659
1071 1792 1210
1196 1227 317
1611 374 1845
732 1047 989
380 418 255
1712 397 496
482 1289 77
722 1880 1377
1454 1136 829
1966 834 345
712 1442 1573
1970 1335 1776
321 143 187
391 554 276
1738 72 1524
1838 1464 1432
564 1368 66
863 780 1311
826 1333 1400
1438 179 649
1597 392 959
383 1922 573
1503 537 830
636 277 1912
1154 1855 902
53 1993 1430
738 791 796
1912 636 1166
1200 259 763
1233 1652 738
1969 1813 665
851 1853 360
406 1564 761
1592 168 1603
765 1695 225
1766 1984 1206
201 1992 1869
1650 751 682
494 899 1076
714 1729 942
1535 295 906
622 950 495
620 131 470
1103 1374 696
1782 1437 1365
1947 1169 108
1333 56 1599
1959 1630 1009
1485 309 1144
654 677 800
1420 1564 1370
26 550 1227
1031 1834 1281
545 1899 1918
902 1373 103
1762 1747 1017
1101 1598 1713
1873 113 1725
1965 1903 1371
543 773 917
1627 5 1776
1901 1738 1464
287 792 1228
1314 608 701
848 1609 1046
1947 427 1885
1934 724 216
1444 1244 1375
320 54 1122
1028 1950 1009
1791 480 894
846 1652 1795
499 1533 52
341 1809 104
1102 1825 610
1632 393 255
1398 724 1589
1215 1606 1535
1798 1533 139
268 125 18
279 1474 972
1878 1363 1668
427 239 1894
1162 1178 172
395 1045 584
548 465 1658
498 1429 1522
1733 1852 674
538 1149 507
596 1631 1304
534 883 1379
970 1008 973
1199 928 1019
1625 462 713
1811 1519 1426
1038 909 1466
75 1334 817
1655 1861 268
1356 1557 202
310 138 1529
849 1197 540
727 1628 1251
1463 210 1866
622 146 448
474 117 526
485 1170 1142
910 1403 1863
1141 21 983
1952 690 603
1332 1050 1663
1726 166 745
878 600 1884
1220 1327 174
1110 1864 205
393 222 1756
575 1009 510
970 455 918
678 1430 739
150 401 1247
1827 1726 580
1417 780 1475
1889 1555 712
1501 35 1574
1242 1854 1269
479 1539 1756
262 1777 215
1550 1434 970
1493 1109 255
1545 1972 827
939 1604 447
1881 994 261
1741 1194 1395
781 1740 1069
1802 1832 1938
69 1721 440
1499 1113 997
754 716 165
366 506 1624
1852 113 55
1151 52 1583
1588 265 87
1624 1691 171
171 803 714
1564 1628 1149
51 700 1855
398 803 698
213 1017 749
1752 1707 1792
1107 482 874
169 602 168
1295 929 254
1662 571 477
1739 988 1802
1877 1118 268
611 303 483
221 1998 1453
1304 1822 548
659 1522 481
1087 138 515
217 1910 909
1881 753 1651
1192 1290 1350
164 1595 763
1991 1836 1117
755 99 1237
957 1490 1309
410 291 1833
852 1692 899
829 772 1514
110 55 158
1449 484 1474
829 1060 1992
1682 136 1946
1709 555 1971
783 693 61
565 507 1703
1924 1290 654
1711 1860 955
143 417 1655
596 742 1171
1094 853 1396
1196 859 1353
1614 118 880
1333 114 1823
223 91 750
97 1791 1877
439 1400 1627
677 1824 870
876 1937 482
1904 1713 136
1014 829 192
1161 418 1139
1644 1967 1273
332 1351 1505
462 337 923
1671 433 728
1235 114 1042
1840 347 85
1333 450 1900
601 1736 1785
1402 1899 1294
1143 939 1528
740 1763 870
1807 1496 1152
1371 464 627
1843 1065 1335
1338 811 1027
1948 164 1625
472 1032 556
632 1643 385
1960 52 684
774 836 1141
451 513 1077
1871 235 199
372 1375 1508
1640 1732 1241
1173 1180 913
694 1574 785
441 1917 588
418 196 110
1337 45 1062
733 718 442
1043 645 830
325 104 545
1408 1149 862
1465 649 897
789 371 1397
1146 1511 195
573 1322 1494
1795 1874 24
1637 1301 513
1194 734 1576
905 244 1760
712 1157 759
1597 1710 597
1845 509 409
1390 1343 979
584 1942 8
1530 1509 1674
1070 183 979
669 1750 1895
25 1785 618
271 484 28
1835 52 1960
1466 1541 268
1139 489 753
368 1916 122
1735 1280 956
1949 1804 434
1491 1299 1074
1961 1742 184
1602 1626 1111
1537 1712 1969
987 1497 1561
1639 721 1023
126 424 504
1095 587 160
638 34 341
987 1265 745
737 1264 1134
50 330 1824
1415 1223 488
653 1244 56
1016 831 1902
458 540 1984
417 1942 1626
68 517 238
1696 261 1650
1291 1703 1576
494 1376 373
545 819 196
1053 1028 902
1205 741 369
1042 1837 296
1620 1393 533
677 1462 1899
1084 945 617
1287 1781 615
1923 1213 178
3 6 1302
1032 172 674
329 1606 1351
744 235 878
1879 211 1985
84 1980 577
585 1715 340
337 674 962
979 499 598
736 1098 1809
60 1777 413
303 700 872
1165 524 1209
257 1554 1504
459 378 1956
106 920 625
1282 106 1277
366 341 1103
1923 1596 1921
490 889 193
351 670 1163
1859 232 20
1300 1625 638
206 294 480
1255 1516 49
1584 467 1849
260 1479 1179
1671 1753 1577
1507 10 1567
936 1141 1244
315 1743 1497
123 899 1229
363 998 1385
309 1309 1951
1926 560 1696
1076 1925 79
176 926 1914
2000 721 1336
1431 1499 587
1137 1862 359
1956 1495 973
380 1689 497
1778 550 1049
50 1586 1153
1453 409 164
650 546 358
335 748 1021
94 903 909
968 880 452
516 1261 652
1292 1353 1661
1438 184 815
562 11 1237
1413 1856 1062
90 880 1492
1217 1708 478
31 590 196
1964 1634 1552
13 391 1185
1912 1134 1543
101 945 642
431 865 566
687 424 871
890 1965 858
1615 1456 1765
1556 1598 1803
1116 160 718
63 1531 777
1069 635 884
1607 557 341
965 1105 1631
39 1967 926
1169 1462 461
1113 1640 446
1183 386 1002
594 1141 1140
1858 233 1968
1054 1899 803
163 1724 385
1528 251 1243
1338 1231 995
572 1159 839
366 1212 44
1664 996 1095
1737 1321 639
1329 1905 782
305 918 373
347 1975 191
1506 586 1711
619 1297 468
288 366 668
1064 799 624
1595 746 150
1855 470 166
1172 1695 1042
15 395 329
1264 1285 1960
197 239 1781
266 822 1264
1273 173 622
1023 619 670
1928 1186 1961
1684 1670 847
1988 1469 1560
1514 1696 596
1449 311 1178
1734 372 911
193 1988 1746
394 1115 1756
1867 684 838
408 1946 1826
1320 948 539
1785 1657 1003
1238 464 1376
744 294 208
801 685 201
981 1050 953
103 1898 685
967 1049 147
1834 1511 1874
338 1680 371
236 1521 231
1418 1435 1499
1846 1965 1490
1782 1125 410
266 147 636
1881 244 1481
1114 1661 154
573 916 836
1353 497 894
625 371 1638
1760 1851 1246
1844 77 1384
1220 463 1474
739 1849 283
983 1918 676
992 419 516
955 1223 1908
1172 1900 1704
1502 1920 1161
791 480 1976
1971 389 1759
829 630 943
1326 688 1902
1571 61 875
3 90 1223
731 69 872
1776 433 1077
1109 1884 707
167 1931 386
1694 411 254
1504 586 295
1406 1457 1423
1967 1409 1352
444 158 430
1922 1958 1871
261 563 447
1359 1912 1096
1166 1352 77
812 628 958
1173 1789 1144
1566 691 581
1263 1509 864
326 1222 1879
1358 705 1602
1625 1908 1554
914 1370 1027
1440 1572 1874
1666 625 1116
1552 1911 1212
1371 698 373
602 1448 299
184 1798 1125
1301 1670 511
370 1057 1081
1931 1409 835
1211 588 243
162 420 573
518 603 1301
1164 1298 764
1929 1506 1486
18 932 749
1222 1964 1380
1469 210 1582
662 1436 1587
1557 1905 471
823 1624 1750
605 1516 1382
56 1362 707
1422 1302 1019
1315 1657 716
1428 1055 1428
923 929 388
1958 1317 1849
1542 1006 143
1018 1293 1931
1549 951 1453
1753 1858 585
945 1305 648
831 334 339
1424 841 1228
1510 247 1378
362 623 263
1860 76 1176
125 799 402
1378 480 677
616 569 14
1630 38 730
1326 900 83
1379 590 1441
1177 775 389
1896 175 28
1793 1545 344
1031 822 206
45 1066 1559
31 1934 1272
1866 785 751
44 1361 1573
650 103 1265
1734 1790 1400
127 1588 1624
1512 859 1108
1865 1257 520
354 926 188
732 526 88
129 1879 1837
1301 926 193
1773 944 1097
287 847 104
1507 936 1541
1745 198 585
1685 1692 1429
1099 651 101
639 1879 87
81 1881 365
763 540 1934
215 1834 1599
552 657 145
333 625 752
695 1327 1571
413 679 1739
775 344 19
308 762 1866
193 296 391
1038 1683 228
1702 1936 678
485 1447 1526
1720 1374 371
331 1152 996
822 1537 993
1381 1741 209
1853 764 1235
1851 1960 877
267 1305 1427
158 1847 1264
1670 769 1750
1402 438 165
733 1225 494
205 851 1160
1565 1775 81
566 970 1667
920 1126 1272
801 658 1462
704 1374 394
1634 1224 981
1210 391 218
1440 922 487
1794 408 1663
485 1911 1100
1929 332 979
1923 1206 590
1446 1100 1566
809 1412 188
828 51 1444
215 274 1988
1625 1438 1085
1247 1374 479
1696 322 1187
1037 417 849
1303 1891 130
760 1706 801
515 1314 603
1705 217 1157
450 1463 153
1067 1487 1955
682 1360 1448
548 596 948
1472 569 147
852 809 1722
1548 380 142
1020 1903 644
1036 1435 995
849 119 1503
534 1068 1633
1505 1052 1903
899 1221 945
501 607 62
1608 24 987
376 1474 565
150 1185 1322
1415 1223 1753
452 574 1643
1034 777 1065
1804 574 172
721 1531 1829
196 510 19
499 369 945
895 1600 1628
52 477 218
1043 780 951
149 1579 1624
124 220 962
1393 1966 1350
1569 1571 1747
21 444 1982
1013 1518 233
847 583 248
1458 206 1284
1323 895 581
1553 1733 482
58 117 1911
285 1135 139
1412 1617 963
345 163 1008
1296 1334 778
207 1499 128
705 628 293
1387 16 1739
4 96 1647
935 57 203
1976 1391 1944
1081 1318 1343
1085 1065 1527
762 1688 202
256 139 944
1208 36 1596
1830 1773 759
830 1161 240
1591 1814 115
1683 558 1254
1565 733 614
1585 591 466
14 418 1116
903 313 1348
1590 1692 547
914 900 1114
1657 388 1675
615 721 1443
1816 258 1422
644 1445 6
1073 1320 161
1416 1829 787
1580 1164 428
1360 1874 40
1684 105 1431
1012 791 231
19 648 1142
1538 1873 1077
306 1883 615
1226 783 1959
1792 1915 1337
345 1675 152
2000 1827 847
1017 1895 1758
1640 685 37
1545 1339 831
1991 1931 994
506 1598 1646
1878 569 256
1739 84 1531
963 1730 281
277 1256 74
1131 1072 146
1817 1498 642
1078 776 1596
697 1962 1241
120 708 457
1637 1701 687
485 499 108
679 1520 1624
740 2000 980
1825 1860 254
440 623 1642
502 1801 518
811 1613 1962
1206 214 1794
1676 728 831
782 1736 600
539 1868 114
1327 592 753
1571 352 309
766 1890 1556
935 1 203
877 1516 644
