100 100 100
1 2 3 4 5 6 7 8 9 10 11 12 13 14 15 16 17 18 19 20 21 22 23 24 25 26 27 28 29 30 31 32 33 34 35 36 37 38 39 40 41 42 43 44 45 46 47 48 49 50 51 52 53 54 55 56 57 58 59 60 61 62 63 64 65 66 67 68 69 70 71 72 73 74 75 76 77 78 79 80 81 82 83 84 85 86 87 88 89 90 91 92 93 94 95 96 97 98 99
17 67 52870325
34 98 53806503
2 54 45133663
5 37 55245489
5 46 43221922
1 10 10629324
1 58 44414778
2 56 51822868
15 76 51441888
6 46 58636345
1 57 41483055
1 80 42142261
56 52 35461997
14 96 42594283
22 42 55958545
36 55 51732006
38 97 59750835
8 99 49533312
33 83 50124733
10 66 59078361
74 97 53173531
1 77 46415266
11 83 56066517
7 93 56963985
16 46 49984038
9 47 40522455
47 84 52764300
1 20 40943335
2 53 56030782
81 78 28816011
45 88 46197305
1 100 74443705
12 72 51689338
63 92 55825411
42 72 42373234
37 85 58699987
19 69 58331850
33 63 43594262
39 85 56387106
1 90 51823318
17 50 49723637
41 81 46438368
7 88 56922087
1 76 50528398
44 79 55265408
40 83 56507315
69 99 43735297
16 55 58111194
23 65 57105085
15 46 43330090
32 85 50241570
51 81 55303418
18 52 59597064
22 86 44472567
97 93 38179089
1 25 40021405
42 46 25626491
9 36 58256068
1 35 54030897
8 51 56658823
16 46 58289171
2 21 53820286
10 31 59755632
27 53 40005032
15 34 57674773
44 99 53767713
60 87 52826825
10 50 50260435
52 99 52681015
15 77 58630539
16 90 54567218
22 79 58342140
63 95 57754668
26 86 53239096
50 73 45233309
33 93 59275869
24 77 56524830
26 96 40159728
2 53 57387038
17 37 51218413
1 72 54829909
36 98 57292278
51 76 50776469
2 33 54611469
26 48 54061777
1 25 45069931
2 64 54407968
32 82 40104720
1 37 58613749
29 94 51277237
1 73 42703138
32 89 58798778
16 49 44560473
34 54 47613690
33 37 21308307
51 86 42775558
43 64 44161041
17 97 52954357
21 100 52867507
32 75 46565453
30 81 78
49 49 58
49 37 26
6 3 10
49 46 45
30 79 78
49 53 62
55 97 94
6 10 2
95 37 34
49 23 27
6 10 8
6 3 7
57 44 45
6 5 9
6 5 8
95 33 36
6 7 8
6 10 1
49 30 31
57 42 45
49 43 47
6 7 4
6 5 6
6 10 6
49 58 56
95 33 34
13 56 53
49 29 31
49 44 56
49 24 53
13 54 55
57 44 43
6 3 4
49 40 23
55 93 94
6 5 4
49 34 36
49 31 45
6 1 2
49 42 24
49 51 28
49 55 32
49 56 28
6 10 9
55 95 94
49 41 58
49 50 29
49 25 37
6 3 2
6 1 6
6 5 1
6 1 8
6 5 7
49 54 58
6 3 6
57 42 43
6 2 8
49 28 48
6 3 8
49 32 23
49 36 26
49 47 28
49 59 37
6 7 6
49 27 51
49 33 62
6 7 9
49 35 30
6 7 2
57 46 45
49 39 58
49 26 49
6 2 6
55 97 96
6 5 2
30 81 80
49 48 41
95 35 34
13 52 55
6 10 4
49 57 64
30 79 80
49 52 28
13 52 53
95 37 36
57 46 43
6 3 1
95 35 36
6 6 9
13 54 53
55 95 96
6 5 10
49 38 43
6 7 1
49 60 32
6 3 9
13 56 55
55 93 96
49 45 26
