100 67
46 59
12 61
38 10
17 43
11 36
34 31
12 6
56 64
16 12
47 41
3 64
12 43
63 41
32 41
45 61
15 24
53 27
18 42
54 53
35 66
39 2
47 2
25 53
16 42
65 63
16 1
10 28
61 7
20 26
65 65
21 13
40 24
40 8
16 28
11 51
44 51
3 41
53 29
27 2
4 42
15 37
60 25
16 54
49 36
31 64
51 52
10 41
26 1
50 60
46 61
44 40
62 65
31 48
44 8
0 65
50 15
35 43
58 51
47 57
37 11
55 39
13 15
13 57
33 13
50 12
25 27
2 20
42 33
19 19
41 19
17 41
52 53
34 43
54 15
50 42
26 55
14 40
4 44
30 37
58 30
0 16
7 2
53 50
36 5
2 27
42 37
2 27
40 36
20 44
1 20
19 28
9 50
18 13
28 65
0 19
28 0
52 52
3 55
35 56
61 55
