10
16 30
16 15 15 16 15 17 17 16 16 15 15 15 15 16 15 17 
1 93 2 26 61 31 58 85 41 32 21 25 76 39 18 67 91 51 63 69 26 69 11 2 21 99 21 1 93 100 
11 30
10 10 10 11 10 11 11 12 11 10 11 
40 26 45 23 83 94 10 5 1 1 90 71 11 78 5 85 80 81 41 63 29 81 41 95 4 59 62 65 58 6 
10 30
9 9 9 9 9 9 11 9 11 11 
89 55 29 11 41 93 46 1 71 58 25 89 73 99 73 52 1 6 3 23 86 57 85 88 69 95 44 49 39 26 
11 30
10 10 11 11 11 12 10 12 12 10 10 
31 1 35 59 34 33 17 6 73 71 23 76 91 53 91 61 57 1 28 53 37 52 35 5 35 6 5 17 49 17 
10 30
11 9 9 10 9 9 11 9 10 9 
22 93 28 1 41 25 81 69 20 2 63 29 71 25 59 51 84 17 37 93 50 91 1 46 61 57 1 32 57 31 
11 30
10 10 10 11 10 12 10 11 11 10 11 
3 41 75 61 41 83 17 46 88 31 3 33 97 46 7 11 9 98 1 25 37 97 74 73 29 82 81 45 36 31 
20 30
19 21 21 19 19 19 20 21 19 19 21 19 19 21 19 19 21 21 19 19 
70 85 79 82 11 67 25 11 36 61 9 85 97 96 8 1 25 34 53 90 51 11 99 37 34 59 47 50 57 75 
17 30
16 18 18 16 16 18 18 16 18 18 16 17 16 17 16 18 16 
100 91 74 89 93 27 76 23 91 21 41 61 29 97 84 37 41 35 15 77 83 49 69 78 83 2 81 23 93 11 
10 30
11 11 11 9 9 11 9 9 9 11 
16 36 66 55 21 29 31 65 89 41 30 71 79 4 53 31 29 32 53 13 86 41 16 37 28 84 49 15 80 31 
20 30
19 19 20 20 20 19 21 20 20 19 19 19 19 21 20 19 19 19 19 20 
54 33 70 25 34 9 69 66 1 1 39 73 17 41 69 3 26 25 21 75 13 5 25 1 33 1 25 41 31 81 
