1000
1 2
2 3
1 4
2 5
3 6
6 7
1 8
5 9
8 10
2 11
8 12
2 13
4 14
3 15
4 16
9 17
11 18
12 19
16 20
14 21
19 22
12 23
13 24
18 25
8 26
16 27
9 28
21 29
16 30
7 31
17 32
12 33
8 34
7 35
4 36
10 37
35 38
23 39
8 40
3 41
25 42
33 43
33 44
38 45
32 46
30 47
15 48
21 49
33 50
35 51
3 52
49 53
15 54
40 55
51 56
7 57
49 58
36 59
10 60
56 61
61 62
35 63
21 64
51 65
44 66
3 67
38 68
60 69
26 70
44 71
4 72
68 73
3 74
30 75
16 76
53 77
39 78
68 79
36 80
31 81
8 82
81 83
75 84
11 85
11 86
51 87
34 88
53 89
2 90
66 91
33 92
92 93
56 94
51 95
70 96
48 97
2 98
66 99
1 100
11 101
25 102
79 103
7 104
73 105
98 106
14 107
61 108
86 109
52 110
84 111
82 112
48 113
63 114
26 115
88 116
25 117
114 118
69 119
11 120
86 121
32 122
33 123
123 124
71 125
83 126
52 127
27 128
38 129
14 130
37 131
120 132
3 133
70 134
116 135
49 136
70 137
18 138
120 139
66 140
66 141
98 142
140 143
38 144
16 145
24 146
33 147
29 148
69 149
95 150
123 151
121 152
103 153
9 154
128 155
23 156
15 157
4 158
121 159
35 160
94 161
118 162
92 163
89 164
71 165
70 166
121 167
15 168
95 169
6 170
144 171
118 172
146 173
172 174
151 175
136 176
150 177
37 178
156 179
142 180
164 181
9 182
87 183
176 184
16 185
177 186
20 187
86 188
126 189
76 190
66 191
22 192
57 193
35 194
173 195
168 196
181 197
7 198
1 199
122 200
178 201
190 202
11 203
124 204
175 205
145 206
13 207
115 208
82 209
113 210
173 211
12 212
30 213
40 214
155 215
113 216
66 217
140 218
112 219
17 220
108 221
209 222
200 223
165 224
14 225
101 226
110 227
42 228
73 229
98 230
203 231
18 232
172 233
191 234
45 235
228 236
26 237
18 238
115 239
161 240
130 241
170 242
84 243
92 244
75 245
84 246
192 247
190 248
48 249
223 250
146 251
208 252
220 253
8 254
190 255
109 256
244 257
238 258
220 259
118 260
99 261
155 262
84 263
144 264
218 265
40 266
157 267
260 268
118 269
198 270
94 271
121 272
71 273
205 274
175 275
181 276
202 277
260 278
18 279
50 280
7 281
233 282
259 283
24 284
252 285
163 286
216 287
11 288
139 289
19 290
289 291
129 292
270 293
231 294
158 295
123 296
10 297
25 298
23 299
50 300
178 301
113 302
55 303
127 304
106 305
275 306
128 307
27 308
274 309
158 310
24 311
283 312
107 313
139 314
146 315
95 316
126 317
284 318
17 319
181 320
118 321
138 322
290 323
32 324
171 325
156 326
19 327
243 328
40 329
14 330
79 331
72 332
43 333
224 334
116 335
235 336
228 337
273 338
188 339
158 340
41 341
91 342
131 343
220 344
337 345
297 346
46 347
286 348
204 349
141 350
232 351
199 352
261 353
258 354
184 355
339 356
346 357
53 358
332 359
177 360
122 361
283 362
66 363
199 364
255 365
2 366
260 367
132 368
336 369
34 370
169 371
135 372
10 373
182 374
230 375
206 376
180 377
106 378
288 379
124 380
66 381
88 382
352 383
21 384
95 385
267 386
340 387
254 388
376 389
17 390
349 391
78 392
309 393
312 394
56 395
240 396
156 397
181 398
135 399
348 400
66 401
311 402
253 403
142 404
5 405
89 406
35 407
119 408
246 409
390 410
318 411
125 412
9 413
342 414
359 415
6 416
309 417
225 418
181 419
258 420
358 421
381 422
52 423
393 424
17 425
166 426
173 427
82 428
278 429
318 430
299 431
354 432
147 433
428 434
120 435
368 436
231 437
299 438
276 439
75 440
422 441
125 442
277 443
161 444
376 445
60 446
263 447
348 448
68 449
2 450
69 451
99 452
21 453
150 454
368 455
127 456
213 457
94 458
65 459
309 460
314 461
4 462
169 463
451 464
108 465
158 466
230 467
229 468
368 469
104 470
269 471
413 472
370 473
19 474
387 475
460 476
223 477
107 478
217 479
128 480
421 481
425 482
442 483
169 484
217 485
154 486
302 487
306 488
405 489
459 490
74 491
160 492
169 493
21 494
122 495
225 496
173 497
73 498
481 499
69 500
50 501
29 502
115 503
218 504
157 505
296 506
33 507
163 508
381 509
168 510
502 511
78 512
314 513
115 514
33 515
441 516
495 517
461 518
324 519
177 520
281 521
167 522
7 523
186 524
489 525
268 526
451 527
382 528
308 529
117 530
35 531
107 532
38 533
213 534
293 535
397 536
291 537
15 538
242 539
105 540
244 541
237 542
173 543
42 544
463 545
279 546
36 547
227 548
97 549
345 550
352 551
133 552
238 553
325 554
532 555
497 556
249 557
10 558
19 559
490 560
338 561
314 562
157 563
436 564
115 565
333 566
261 567
316 568
9 569
68 570
73 571
347 572
451 573
330 574
327 575
275 576
171 577
50 578
319 579
480 580
549 581
148 582
364 583
74 584
274 585
21 586
203 587
420 588
14 589
542 590
552 591
277 592
319 593
427 594
281 595
408 596
270 597
282 598
477 599
269 600
391 601
543 602
371 603
290 604
183 605
402 606
203 607
69 608
203 609
158 610
427 611
160 612
266 613
468 614
202 615
552 616
457 617
251 618
53 619
206 620
539 621
438 622
129 623
349 624
236 625
580 626
366 627
45 628
218 629
26 630
386 631
455 632
109 633
457 634
341 635
346 636
531 637
456 638
230 639
10 640
379 641
280 642
519 643
414 644
632 645
215 646
199 647
14 648
260 649
342 650
375 651
466 652
269 653
128 654
56 655
340 656
512 657
155 658
263 659
447 660
193 661
630 662
631 663
401 664
392 665
21 666
179 667
277 668
200 669
503 670
537 671
132 672
338 673
275 674
456 675
624 676
255 677
101 678
660 679
114 680
299 681
413 682
267 683
85 684
418 685
449 686
425 687
303 688
671 689
268 690
76 691
46 692
424 693
204 694
607 695
388 696
150 697
422 698
264 699
503 700
656 701
681 702
185 703
61 704
529 705
116 706
672 707
282 708
452 709
549 710
283 711
150 712
445 713
581 714
117 715
643 716
508 717
351 718
265 719
700 720
381 721
72 722
551 723
517 724
257 725
631 726
162 727
349 728
540 729
73 730
185 731
504 732
540 733
192 734
696 735
478 736
184 737
705 738
332 739
687 740
109 741
202 742
14 743
431 744
615 745
687 746
311 747
661 748
509 749
566 750
228 751
85 752
140 753
303 754
635 755
86 756
346 757
423 758
158 759
605 760
12 761
352 762
302 763
29 764
292 765
318 766
436 767
300 768
307 769
498 770
410 771
457 772
118 773
508 774
209 775
431 776
693 777
616 778
354 779
652 780
92 781
78 782
263 783
782 784
620 785
705 786
93 787
284 788
313 789
579 790
661 791
61 792
19 793
561 794
242 795
503 796
453 797
569 798
324 799
551 800
733 801
733 802
604 803
154 804
96 805
245 806
452 807
55 808
729 809
23 810
438 811
56 812
620 813
212 814
630 815
301 816
330 817
151 818
431 819
630 820
471 821
586 822
504 823
220 824
268 825
754 826
746 827
528 828
151 829
365 830
265 831
827 832
319 833
26 834
581 835
493 836
434 837
374 838
722 839
235 840
333 841
636 842
195 843
19 844
29 845
131 846
438 847
271 848
642 849
776 850
384 851
430 852
266 853
269 854
13 855
362 856
850 857
394 858
213 859
253 860
475 861
399 862
639 863
405 864
6 865
523 866
555 867
298 868
804 869
470 870
338 871
395 872
456 873
259 874
353 875
803 876
346 877
558 878
342 879
412 880
851 881
525 882
398 883
156 884
42 885
836 886
246 887
715 888
720 889
807 890
108 891
455 892
862 893
56 894
867 895
513 896
442 897
270 898
180 899
195 900
32 901
34 902
194 903
704 904
469 905
567 906
731 907
48 908
177 909
62 910
90 911
284 912
433 913
492 914
198 915
648 916
619 917
411 918
450 919
67 920
453 921
756 922
810 923
914 924
709 925
669 926
259 927
123 928
394 929
198 930
678 931
183 932
660 933
203 934
323 935
422 936
82 937
630 938
262 939
406 940
626 941
619 942
742 943
184 944
194 945
512 946
26 947
866 948
61 949
934 950
94 951
106 952
624 953
681 954
487 955
863 956
474 957
449 958
53 959
437 960
685 961
22 962
385 963
222 964
214 965
660 966
854 967
24 968
875 969
902 970
928 971
597 972
945 973
495 974
739 975
722 976
555 977
107 978
349 979
552 980
607 981
942 982
612 983
737 984
245 985
675 986
530 987
34 988
808 989
315 990
209 991
808 992
341 993
850 994
534 995
969 996
452 997
555 998
728 999
875 1000
