3000
2 1
3 1
4 3
5 3
6 1
7 4
8 6
9 4
10 2
11 3
12 1
13 2
14 3
15 11
16 10
17 15
18 12
19 17
20 18
21 15
22 8
23 2
24 2
25 8
26 23
27 23
28 6
29 4
30 10
31 1
32 7
33 19
34 20
35 33
36 11
37 14
38 17
39 29
40 25
41 13
42 29
43 23
44 32
45 13
46 12
47 36
48 26
49 3
50 15
51 14
52 51
53 3
54 35
55 21
56 31
57 34
58 9
59 18
60 27
61 49
62 14
63 53
64 55
65 23
66 36
67 3
68 34
69 27
70 54
71 64
72 9
73 64
74 38
75 21
76 17
77 19
78 56
79 27
80 70
81 72
82 65
83 30
84 56
85 18
86 57
87 77
88 45
89 22
90 15
91 29
92 3
93 88
94 45
95 89
96 24
97 78
98 91
99 6
100 30
101 99
102 4
103 68
104 100
105 13
106 63
107 95
108 86
109 47
110 17
111 108
112 99
113 80
114 22
115 79
116 52
117 70
118 22
119 4
120 114
121 37
122 14
123 22
124 37
125 17
126 70
127 77
128 20
129 119
130 77
131 34
132 118
133 13
134 71
135 46
136 98
137 21
138 111
139 97
140 95
141 14
142 128
143 36
144 14
145 58
146 57
147 65
148 127
149 141
150 105
151 118
152 117
153 109
154 129
155 48
156 121
157 105
158 1
159 104
160 139
161 146
162 10
163 104
164 37
165 29
166 129
167 47
168 2
169 38
170 150
171 112
172 36
173 122
174 133
175 172
176 66
177 71
178 131
179 93
180 77
181 154
182 9
183 115
184 58
185 176
186 39
187 51
188 98
189 182
190 185
191 173
192 99
193 96
194 128
195 25
196 107
197 175
198 113
199 101
200 90
201 2
202 134
203 47
204 105
205 189
206 27
207 52
208 8
209 21
210 8
211 20
212 176
213 138
214 153
215 87
216 113
217 165
218 206
219 65
220 21
221 74
222 214
223 160
224 133
225 31
226 210
227 102
228 128
229 51
230 19
231 198
232 182
233 97
234 3
235 6
236 172
237 178
238 119
239 30
240 228
241 22
242 62
243 4
244 18
245 152
246 206
247 53
248 70
249 13
250 114
251 36
252 216
253 25
254 205
255 148
256 66
257 17
258 8
259 96
260 88
261 106
262 197
263 145
264 55
265 185
266 199
267 231
268 92
269 41
270 268
271 179
272 144
273 9
274 165
275 235
276 162
277 95
278 124
279 163
280 10
281 86
282 277
283 18
284 250
285 117
286 73
287 60
288 274
289 182
290 32
291 54
292 23
293 107
294 250
295 176
296 230
297 100
298 231
299 87
300 224
301 207
302 12
303 184
304 300
305 207
306 228
307 244
308 1
309 258
310 200
311 241
312 47
313 98
314 47
315 163
316 276
317 240
318 215
319 216
320 67
321 140
322 119
323 76
324 306
325 195
326 189
327 106
328 127
329 209
330 50
331 286
332 79
333 319
334 170
335 237
336 50
337 38
338 192
339 142
340 179
341 74
342 172
343 46
344 155
345 337
346 84
347 152
348 173
349 201
350 94
351 316
352 53
353 181
354 76
355 167
356 299
357 272
358 303
359 332
360 148
361 193
362 17
363 218
364 302
365 241
366 206
367 84
368 299
369 320
370 236
371 173
372 25
373 193
374 308
375 261
376 328
377 249
378 225
379 41
380 157
381 352
382 62
383 30
384 196
385 208
386 17
387 268
388 56
389 88
390 13
391 302
392 379
393 50
394 365
395 87
396 57
397 241
398 16
399 248
400 270
401 332
402 118
403 395
404 183
405 218
406 196
407 344
408 1
409 292
410 247
411 404
412 234
413 321
414 289
415 267
416 159
417 381
418 140
419 407
420 138
421 78
422 132
423 122
424 246
425 126
426 322
427 293
428 420
429 172
430 148
431 122
432 371
433 251
434 230
435 389
436 313
437 421
438 103
439 49
440 191
441 241
442 87
443 232
444 232
445 41
446 78
447 68
448 407
449 285
450 338
451 198
452 90
453 242
454 128
455 66
456 423
457 68
458 388
459 54
460 176
461 285
462 101
463 80
464 328
465 411
466 403
467 408
468 71
469 418
470 460
471 465
472 450
473 408
474 80
475 4
476 205
477 203
478 405
479 179
480 107
481 430
482 77
483 361
484 48
485 393
486 478
487 33
488 28
489 484
490 386
491 255
492 266
493 152
494 289
495 154
496 340
497 382
498 134
499 482
500 206
501 338
502 122
503 369
504 281
505 313
506 285
507 466
508 315
509 239
510 49
511 293
512 382
513 178
514 176
515 205
516 476
517 209
518 212
519 446
520 98
521 199
522 435
523 483
524 203
525 17
526 493
527 285
528 93
529 3
530 411
531 361
532 160
533 248
534 39
535 451
536 396
537 13
538 242
539 227
540 65
541 402
542 520
543 370
544 45
545 41
546 134
547 189
548 170
549 188
550 176
551 396
552 156
553 36
554 94
555 38
556 379
557 29
558 303
559 344
560 261
561 363
562 83
563 487
564 27
565 408
566 16
567 302
568 297
569 259
570 259
571 79
572 192
573 290
574 193
575 278
576 511
577 209
578 490
579 395
580 397
581 558
582 81
583 217
584 103
585 195
586 263
587 446
588 483
589 279
590 409
591 471
592 373
593 68
594 177
595 232
596 468
597 70
598 475
599 528
600 584
601 499
602 219
603 30
604 255
605 217
606 346
607 185
608 294
609 44
610 332
611 268
612 37
613 221
614 350
615 247
616 518
617 108
618 563
619 562
620 179
621 79
622 206
623 100
624 308
625 448
626 135
627 542
628 552
629 35
630 322
631 27
632 137
633 229
634 74
635 469
636 613
637 119
638 334
639 291
640 112
641 441
642 56
643 309
644 68
645 507
646 241
647 343
648 194
649 320
650 349
651 132
652 162
653 193
654 394
655 414
656 170
657 606
658 64
659 377
660 299
661 210
662 264
663 370
664 60
665 458
666 105
667 581
668 623
669 518
670 193
671 574
672 506
673 216
674 322
675 658
676 342
677 643
678 314
679 487
680 63
681 165
682 67
683 193
684 462
685 494
686 443
687 498
688 61
689 415
690 654
691 106
692 197
693 607
694 145
695 652
696 175
697 177
698 346
699 141
700 158
701 424
702 52
703 291
704 473
705 234
706 217
707 113
708 156
709 485
710 637
711 354
712 345
713 613
714 272
715 108
716 46
717 329
718 139
719 382
720 283
721 273
722 714
723 254
724 335
725 718
726 698
727 283
728 339
729 42
730 1
731 211
732 367
733 452
734 652
735 334
736 438
737 45
738 477
739 30
740 304
741 262
742 457
743 79
744 319
745 336
746 148
747 399
748 699
749 30
750 105
751 368
752 582
753 6
754 216
755 91
756 591
757 372
758 247
759 59
760 48
761 718
762 4
763 315
764 654
765 98
766 669
767 559
768 312
769 227
770 142
771 406
772 2
773 209
774 569
775 434
776 458
777 252
778 134
779 688
780 749
781 125
782 45
783 519
784 107
785 509
786 464
787 55
788 552
789 304
790 284
791 653
792 283
793 59
794 205
795 705
796 573
797 214
798 439
799 407
800 650
801 396
802 309
803 28
804 210
805 582
806 360
807 779
808 623
809 179
810 346
811 726
812 611
813 799
814 265
815 553
816 383
817 663
818 265
819 179
820 168
821 642
822 62
823 366
824 803
825 651
826 8
827 234
828 580
829 297
830 159
831 113
832 381
833 806
834 667
835 321
836 797
837 449
838 407
839 500
840 182
841 4
842 737
843 650
844 490
845 46
846 606
847 337
848 682
849 754
850 100
851 750
852 603
853 478
854 664
855 801
856 52
857 38
858 489
859 43
860 559
861 786
862 787
863 291
864 632
865 819
866 507
867 389
868 357
869 702
870 398
871 238
872 577
873 247
874 828
875 780
876 805
877 180
878 16
879 446
880 463
881 624
882 482
883 276
884 711
885 85
886 813
887 11
888 395
889 34
890 439
891 140
892 344
893 469
894 182
895 106
896 811
897 306
898 723
899 80
900 533
901 34
902 207
903 414
904 156
905 789
906 872
907 362
908 78
909 357
910 438
911 686
912 430
913 800
914 303
915 596
916 487
917 546
918 754
919 305
920 134
921 761
922 427
923 645
924 229
925 903
926 350
927 495
928 98
929 259
930 438
931 47
932 640
933 596
934 316
935 73
936 332
937 685
938 514
939 361
940 624
941 107
942 301
943 499
944 33
945 547
946 141
947 768
948 516
949 193
950 859
951 132
952 281
953 618
954 469
955 947
956 63
957 175
958 53
959 782
960 317
961 583
962 589
963 726
964 173
965 801
966 623
967 697
968 840
969 471
970 812
971 589
972 456
973 376
974 375
975 933
976 410
977 455
978 72
979 272
980 859
981 827
982 467
983 132
984 237
985 661
986 55
987 781
988 440
989 917
990 269
991 319
992 332
993 732
994 810
995 694
996 361
997 259
998 511
999 924
1000 864
1001 155
1002 949
1003 962
1004 244
1005 999
1006 357
1007 982
1008 297
1009 142
1010 901
1011 109
1012 883
1013 402
1014 931
1015 814
1016 638
1017 610
1018 492
1019 41
1020 177
1021 493
1022 593
1023 56
1024 445
1025 932
1026 721
1027 175
1028 81
1029 908
1030 453
1031 339
1032 191
1033 450
1034 176
1035 436
1036 217
1037 137
1038 566
1039 678
1040 395
1041 343
1042 650
1043 644
1044 37
1045 716
1046 860
1047 66
1048 755
1049 10
1050 327
1051 1048
1052 448
1053 1003
1054 190
1055 500
1056 56
1057 1055
1058 415
1059 681
1060 29
1061 1039
1062 806
1063 408
1064 607
1065 323
1066 656
1067 859
1068 273
1069 232
1070 944
1071 889
1072 642
1073 67
1074 868
1075 275
1076 919
1077 544
1078 138
1079 724
1080 719
1081 52
1082 610
1083 250
1084 682
1085 944
1086 442
1087 226
1088 835
1089 139
1090 858
1091 490
1092 391
1093 716
1094 123
1095 162
1096 953
1097 662
1098 769
1099 681
1100 1081
1101 1038
1102 476
1103 666
1104 1050
1105 416
1106 704
1107 278
1108 902
1109 867
1110 1100
1111 915
1112 551
1113 40
1114 708
1115 451
1116 102
1117 339
1118 63
1119 1054
1120 549
1121 874
1122 307
1123 1068
1124 287
1125 20
1126 1031
1127 1062
1128 179
1129 1091
1130 306
1131 451
1132 796
1133 106
1134 427
1135 630
1136 636
1137 912
1138 53
1139 108
1140 117
1141 359
1142 910
1143 312
1144 633
1145 758
1146 215
1147 197
1148 260
1149 220
1150 142
1151 457
1152 651
1153 315
1154 1146
1155 1149
1156 242
1157 437
1158 1083
1159 302
1160 615
1161 514
1162 758
1163 174
1164 1095
1165 441
1166 1160
1167 187
1168 858
1169 578
1170 511
1171 946
1172 1149
1173 82
1174 72
1175 609
1176 191
1177 975
1178 924
1179 874
1180 412
1181 884
1182 294
1183 406
1184 909
1185 190
1186 414
1187 962
1188 878
1189 858
1190 710
1191 218
1192 955
1193 92
1194 216
1195 384
1196 1060
1197 733
1198 466
1199 1065
1200 1183
1201 823
1202 70
1203 134
1204 873
1205 447
1206 614
1207 860
1208 363
1209 1106
1210 1119
1211 950
1212 506
1213 617
1214 873
1215 326
1216 395
1217 1204
1218 383
1219 303
1220 1058
1221 820
1222 313
1223 660
1224 481
1225 496
1226 133
1227 283
1228 735
1229 276
1230 1
1231 869
1232 991
1233 813
1234 471
1235 1072
1236 942
1237 555
1238 1057
1239 40
1240 1123
1241 767
1242 1135
1243 350
1244 199
1245 1045
1246 307
1247 580
1248 588
1249 1147
1250 1114
1251 775
1252 471
1253 620
1254 1146
1255 1033
1256 1167
1257 671
1258 640
1259 152
1260 286
1261 689
1262 881
1263 968
1264 511
1265 1030
1266 906
1267 369
1268 328
1269 176
1270 319
1271 584
1272 857
1273 279
1274 1213
1275 400
1276 843
1277 163
1278 1001
1279 521
1280 1094
1281 1269
1282 1051
1283 442
1284 998
1285 807
1286 853
1287 508
1288 964
1289 831
1290 301
1291 719
1292 30
1293 960
1294 990
1295 1238
1296 182
1297 1
1298 734
1299 92
1300 778
1301 412
1302 1139
1303 74
1304 408
1305 1280
1306 464
1307 1230
1308 1257
1309 244
1310 474
1311 123
1312 108
1313 450
1314 349
1315 1288
1316 1086
1317 300
1318 829
1319 896
1320 453
1321 306
1322 128
1323 1239
1324 68
1325 1226
1326 469
1327 249
1328 390
1329 255
1330 1044
1331 765
1332 14
1333 918
1334 1056
1335 203
1336 1313
1337 188
1338 493
1339 487
1340 192
1341 7
1342 764
1343 507
1344 28
1345 1216
1346 213
1347 381
1348 986
1349 571
1350 741
1351 1059
1352 1111
1353 519
1354 779
1355 217
1356 686
1357 1206
1358 1098
1359 982
1360 412
1361 958
1362 929
1363 684
1364 1041
1365 599
1366 102
1367 787
1368 1266
1369 754
1370 901
1371 1078
1372 870
1373 1176
1374 239
1375 165
1376 240
1377 145
1378 1369
1379 965
1380 831
1381 677
1382 1011
1383 227
1384 1224
1385 646
1386 760
1387 215
1388 426
1389 1316
1390 744
1391 808
1392 1366
1393 976
1394 145
1395 64
1396 1394
1397 162
1398 69
1399 1148
1400 1249
1401 211
1402 1001
1403 1253
1404 21
1405 567
1406 669
1407 678
1408 1270
1409 1364
1410 826
1411 246
1412 629
1413 893
1414 1067
1415 371
1416 660
1417 312
1418 942
1419 351
1420 191
1421 952
1422 240
1423 1193
1424 1222
1425 1124
1426 480
1427 562
1428 583
1429 186
1430 17
1431 1061
1432 120
1433 1334
1434 695
1435 701
1436 652
1437 1144
1438 500
1439 1394
1440 1130
1441 777
1442 1305
1443 1145
1444 969
1445 1395
1446 1164
1447 675
1448 1136
1449 756
1450 1390
1451 900
1452 1120
1453 1051
1454 1093
1455 807
1456 435
1457 1323
1458 898
1459 524
1460 1382
1461 846
1462 378
1463 271
1464 616
1465 347
1466 518
1467 1034
1468 874
1469 644
1470 562
1471 1021
1472 976
1473 1073
1474 58
1475 178
1476 1434
1477 871
1478 490
1479 390
1480 768
1481 402
1482 826
1483 271
1484 646
1485 688
1486 47
1487 1203
1488 256
1489 195
1490 610
1491 1388
1492 830
1493 543
1494 1331
1495 88
1496 727
1497 738
1498 1059
1499 134
1500 184
1501 1434
1502 136
1503 403
1504 914
1505 810
1506 125
1507 430
1508 702
1509 738
1510 1194
1511 1121
1512 1498
1513 866
1514 755
1515 324
1516 245
1517 1163
1518 826
1519 768
1520 1042
1521 14
1522 75
1523 267
1524 1463
1525 19
1526 683
1527 1360
1528 685
1529 1371
1530 668
1531 1481
1532 1172
1533 1322
1534 381
1535 70
1536 1368
1537 726
1538 1461
1539 1092
1540 485
1541 1110
1542 1224
1543 832
1544 741
1545 613
1546 914
1547 345
1548 1354
1549 192
1550 1272
1551 824
1552 896
1553 1451
1554 1084
1555 1046
1556 749
1557 585
1558 248
1559 437
1560 1210
1561 1055
1562 1373
1563 771
1564 389
1565 1241
1566 1414
1567 1096
1568 1112
1569 1525
1570 1037
1571 548
1572 673
1573 957
1574 492
1575 935
1576 85
1577 994
1578 135
1579 1167
1580 62
1581 1176
1582 761
1583 11
1584 532
1585 1403
1586 1015
1587 523
1588 1144
1589 797
1590 167
1591 53
1592 1017
1593 269
1594 1506
1595 1418
1596 912
1597 1433
1598 1413
1599 6
1600 1459
1601 325
1602 698
1603 504
1604 679
1605 703
1606 475
1607 1280
1608 1361
1609 25
1610 445
1611 164
1612 707
1613 1294
1614 984
1615 1368
1616 1577
1617 1084
1618 1079
1619 958
1620 1237
1621 291
1622 1245
1623 1016
1624 1516
1625 1125
1626 501
1627 205
1628 262
1629 300
1630 653
1631 68
1632 33
1633 1064
1634 298
1635 506
1636 207
1637 142
1638 1362
1639 1460
1640 1520
1641 1266
1642 280
1643 236
1644 705
1645 146
1646 1508
1647 511
1648 73
1649 608
1650 367
1651 292
1652 57
1653 1544
1654 312
1655 1461
1656 1067
1657 1519
1658 1019
1659 208
1660 1619
1661 566
1662 1445
1663 586
1664 434
1665 509
1666 1663
1667 373
1668 414
1669 576
1670 1462
1671 194
1672 1061
1673 1661
1674 1411
1675 1635
1676 1568
1677 708
1678 1594
1679 1155
1680 255
1681 1334
1682 622
1683 1012
1684 249
1685 519
1686 298
1687 552
1688 1423
1689 308
1690 328
1691 977
1692 604
1693 749
1694 1600
1695 955
1696 1251
1697 1316
1698 1125
1699 622
1700 57
1701 264
1702 684
1703 117
1704 82
1705 1163
1706 915
1707 1129
1708 557
1709 853
1710 1097
1711 821
1712 14
1713 111
1714 865
1715 726
1716 582
1717 1668
1718 625
1719 1113
1720 521
1721 1283
1722 695
1723 1681
1724 491
1725 831
1726 1279
1727 1718
1728 758
1729 894
1730 1300
1731 129
1732 1222
1733 1706
1734 870
1735 1009
1736 132
1737 619
1738 205
1739 116
1740 66
1741 1075
1742 358
1743 635
1744 1351
1745 601
1746 61
1747 724
1748 668
1749 1495
1750 1290
1751 937
1752 662
1753 212
1754 103
1755 553
1756 229
1757 463
1758 1111
1759 81
1760 299
1761 713
1762 757
1763 391
1764 1086
1765 1267
1766 908
1767 1570
1768 641
1769 1246
1770 1258
1771 1027
1772 849
1773 1553
1774 1507
1775 1547
1776 1595
1777 790
1778 542
1779 301
1780 1333
1781 213
1782 465
1783 919
1784 1497
1785 728
1786 162
1787 1455
1788 343
1789 1641
1790 754
1791 347
1792 200
1793 839
1794 1341
1795 1129
1796 1665
1797 1014
1798 1330
1799 461
1800 1285
1801 562
1802 1089
1803 1309
1804 223
1805 232
1806 407
1807 1160
1808 1721
1809 1637
1810 1070
1811 688
1812 803
1813 145
1814 1752
1815 763
1816 1128
1817 1117
1818 1469
1819 986
1820 1180
1821 761
1822 1244
1823 1603
1824 513
1825 856
1826 1174
1827 1157
1828 243
1829 1423
1830 1792
1831 980
1832 1468
1833 385
1834 1490
1835 1514
1836 685
1837 441
1838 993
1839 1073
1840 1102
1841 1463
1842 67
1843 373
1844 12
1845 315
1846 1203
1847 373
1848 1621
1849 749
1850 1106
1851 150
1852 1207
1853 1832
1854 565
1855 1123
1856 692
1857 1242
1858 756
1859 609
1860 720
1861 1770
1862 354
1863 312
1864 1403
1865 1850
1866 811
1867 592
1868 796
1869 1209
1870 867
1871 1292
1872 1154
1873 954
1874 1262
1875 526
1876 719
1877 59
1878 415
1879 1066
1880 1248
1881 1759
1882 1088
1883 59
1884 1512
1885 1673
1886 1329
1887 1291
1888 1659
1889 975
1890 8
1891 201
1892 855
1893 1455
1894 1251
1895 480
1896 398
1897 701
1898 976
1899 242
1900 1554
1901 919
1902 860
1903 691
1904 508
1905 416
1906 796
1907 1694
1908 1393
1909 774
1910 896
1911 941
1912 1783
1913 1908
1914 791
1915 356
1916 75
1917 1512
1918 1690
1919 617
1920 763
1921 1334
1922 23
1923 590
1924 1284
1925 79
1926 106
1927 322
1928 1411
1929 523
1930 385
1931 532
1932 163
1933 1608
1934 1600
1935 737
1936 1622
1937 1880
1938 579
1939 1396
1940 1165
1941 91
1942 551
1943 1578
1944 1698
1945 1155
1946 798
1947 774
1948 143
1949 694
1950 1898
1951 698
1952 315
1953 975
1954 698
1955 1377
1956 136
1957 1285
1958 128
1959 988
1960 1593
1961 419
1962 908
1963 675
1964 1714
1965 1750
1966 673
1967 1327
1968 945
1969 1507
1970 1336
1971 652
1972 1924
1973 890
1974 273
1975 161
1976 798
1977 827
1978 1382
1979 1586
1980 1763
1981 517
1982 272
1983 527
1984 751
1985 1179
1986 196
1987 390
1988 1887
1989 1797
1990 41
1991 741
1992 939
1993 1861
1994 1964
1995 644
1996 480
1997 1619
1998 341
1999 197
2000 686
2001 1039
2002 1573
2003 288
2004 195
2005 1683
2006 1327
2007 1901
2008 1348
2009 1111
2010 1204
2011 1424
2012 1370
2013 215
2014 132
2015 1008
2016 1041
2017 696
2018 755
2019 646
2020 921
2021 1548
2022 907
2023 1851
2024 1091
2025 1201
2026 245
2027 901
2028 771
2029 1018
2030 1838
2031 1287
2032 1449
2033 462
2034 1217
2035 231
2036 1592
2037 1523
2038 887
2039 887
2040 1527
2041 1956
2042 1034
2043 362
2044 589
2045 1312
2046 1641
2047 378
2048 202
2049 72
2050 1546
2051 1310
2052 1055
2053 297
2054 1878
2055 730
2056 30
2057 1424
2058 617
2059 1174
2060 589
2061 12
2062 1494
2063 1860
2064 698
2065 1007
2066 1796
2067 1684
2068 960
2069 1765
2070 1573
2071 519
2072 974
2073 1196
2074 274
2075 1568
2076 1309
2077 802
2078 1924
2079 947
2080 1912
2081 875
2082 761
2083 1612
2084 1535
2085 544
2086 65
2087 1782
2088 830
2089 696
2090 1382
2091 542
2092 516
2093 1359
2094 1136
2095 1695
2096 1385
2097 691
2098 442
2099 861
2100 45
2101 281
2102 995
2103 210
2104 1529
2105 614
2106 1505
2107 1359
2108 323
2109 2099
2110 1957
2111 395
2112 1890
2113 959
2114 782
2115 1020
2116 2111
2117 1349
2118 114
2119 2051
2120 1595
2121 1548
2122 799
2123 1348
2124 801
2125 513
2126 622
2127 876
2128 572
2129 1496
2130 856
2131 603
2132 2079
2133 708
2134 173
2135 1302
2136 466
2137 1538
2138 136
2139 86
2140 547
2141 218
2142 1879
2143 1150
2144 26
2145 806
2146 1148
2147 679
2148 1536
2149 1677
2150 1309
2151 1303
2152 948
2153 1457
2154 1414
2155 1618
2156 2101
2157 393
2158 531
2159 809
2160 777
2161 416
2162 2144
2163 270
2164 2065
2165 864
2166 1061
2167 1191
2168 1917
2169 1008
2170 2130
2171 2107
2172 583
2173 247
2174 1414
2175 914
2176 1085
2177 639
2178 653
2179 615
2180 801
2181 1850
2182 1483
2183 2159
2184 995
2185 1216
2186 1502
2187 2058
2188 1958
2189 523
2190 1938
2191 1573
2192 33
2193 698
2194 463
2195 1726
2196 296
2197 191
2198 603
2199 906
2200 253
2201 329
2202 159
2203 834
2204 1697
2205 522
2206 1177
2207 171
2208 450
2209 2090
2210 1742
2211 1784
2212 809
2213 1406
2214 1332
2215 763
2216 2157
2217 1554
2218 1164
2219 1695
2220 135
2221 1016
2222 1069
2223 959
2224 1406
2225 1111
2226 2145
2227 1532
2228 2091
2229 232
2230 469
2231 996
2232 1965
2233 1236
2234 1117
2235 168
2236 844
2237 1048
2238 360
2239 1534
2240 1020
2241 1608
2242 358
2243 64
2244 1949
2245 1345
2246 156
2247 1770
2248 954
2249 2014
2250 2203
2251 161
2252 1860
2253 1319
2254 892
2255 1861
2256 411
2257 1493
2258 101
2259 1393
2260 1827
2261 1752
2262 60
2263 1781
2264 604
2265 969
2266 99
2267 590
2268 419
2269 2088
2270 1004
2271 1025
2272 804
2273 1591
2274 1658
2275 1591
2276 1207
2277 1885
2278 1921
2279 1209
2280 979
2281 1181
2282 1007
2283 1588
2284 1691
2285 1312
2286 1086
2287 497
2288 216
2289 2262
2290 650
2291 1457
2292 1008
2293 2101
2294 2009
2295 573
2296 440
2297 2161
2298 1298
2299 1664
2300 2076
2301 546
2302 1771
2303 1349
2304 1197
2305 1753
2306 1048
2307 437
2308 1100
2309 248
2310 1686
2311 1458
2312 1918
2313 1093
2314 1147
2315 458
2316 1960
2317 1839
2318 2220
2319 1068
2320 1836
2321 793
2322 32
2323 1812
2324 653
2325 1801
2326 1581
2327 984
2328 2178
2329 1130
2330 1605
2331 1481
2332 1926
2333 507
2334 399
2335 1412
2336 2320
2337 46
2338 954
2339 181
2340 1830
2341 1653
2342 680
2343 315
2344 502
2345 360
2346 2015
2347 1523
2348 2116
2349 1909
2350 335
2351 1137
2352 2324
2353 1519
2354 684
2355 2095
2356 2345
2357 635
2358 1683
2359 1836
2360 1690
2361 1702
2362 1655
2363 1061
2364 2052
2365 370
2366 1748
2367 1022
2368 661
2369 1588
2370 1409
2371 1361
2372 2361
2373 2188
2374 719
2375 2333
2376 2127
2377 2149
2378 1407
2379 545
2380 393
2381 325
2382 502
2383 680
2384 1466
2385 310
2386 1003
2387 1883
2388 2284
2389 1640
2390 582
2391 427
2392 932
2393 2212
2394 8
2395 360
2396 1656
2397 451
2398 2337
2399 1617
2400 1514
2401 109
2402 261
2403 1446
2404 746
2405 1070
2406 2277
2407 192
2408 1326
2409 604
2410 1735
2411 2109
2412 1899
2413 1619
2414 486
2415 1681
2416 739
2417 448
2418 575
2419 546
2420 375
2421 1554
2422 626
2423 1092
2424 1660
2425 293
2426 1829
2427 894
2428 1719
2429 870
2430 939
2431 1053
2432 1603
2433 2264
2434 1037
2435 884
2436 171
2437 674
2438 1035
2439 1394
2440 1815
2441 2182
2442 318
2443 264
2444 445
2445 755
2446 981
2447 1469
2448 659
2449 1580
2450 779
2451 802
2452 2342
2453 1951
2454 1277
2455 597
2456 2211
2457 688
2458 963
2459 1201
2460 2074
2461 1151
2462 853
2463 1680
2464 1235
2465 1973
2466 1348
2467 1839
2468 650
2469 1328
2470 885
2471 1175
2472 2081
2473 154
2474 2019
2475 936
2476 378
2477 622
2478 1220
2479 1424
2480 888
2481 2170
2482 225
2483 1418
2484 1892
2485 2047
2486 1643
2487 1878
2488 613
2489 324
2490 2274
2491 637
2492 1320
2493 2387
2494 805
2495 417
2496 619
2497 2117
2498 2300
2499 2227
2500 2288
2501 2212
2502 1681
2503 391
2504 1261
2505 760
2506 106
2507 1057
2508 1898
2509 639
2510 507
2511 1309
2512 1894
2513 635
2514 1727
2515 1343
2516 1576
2517 2204
2518 1964
2519 616
2520 1219
2521 1876
2522 2095
2523 2093
2524 1478
2525 9
2526 248
2527 1260
2528 2109
2529 2470
2530 2229
2531 2082
2532 1228
2533 1742
2534 204
2535 996
2536 288
2537 1376
2538 193
2539 2016
2540 1883
2541 766
2542 482
2543 127
2544 1450
2545 1118
2546 758
2547 2229
2548 801
2549 584
2550 1118
2551 370
2552 675
2553 2381
2554 1071
2555 273
2556 1593
2557 1049
2558 845
2559 199
2560 890
2561 1530
2562 2418
2563 184
2564 232
2565 1735
2566 2298
2567 717
2568 1820
2569 1667
2570 450
2571 1899
2572 2088
2573 887
2574 1117
2575 168
2576 715
2577 2083
2578 346
2579 1910
2580 576
2581 17
2582 2077
2583 2138
2584 2240
2585 1361
2586 1779
2587 221
2588 1325
2589 2356
2590 931
2591 1695
2592 37
2593 2113
2594 1079
2595 718
2596 164
2597 670
2598 525
2599 116
2600 812
2601 2119
2602 1936
2603 2125
2604 7
2605 1403
2606 2549
2607 774
2608 59
2609 1034
2610 982
2611 2547
2612 773
2613 2346
2614 100
2615 1796
2616 2290
2617 591
2618 550
2619 104
2620 2604
2621 2496
2622 537
2623 2329
2624 2397
2625 249
2626 125
2627 1216
2628 2479
2629 844
2630 198
2631 476
2632 1040
2633 870
2634 2475
2635 1407
2636 2634
2637 168
2638 1690
2639 28
2640 1328
2641 1268
2642 1159
2643 1537
2644 2621
2645 1164
2646 2588
2647 887
2648 2281
2649 359
2650 1236
2651 1489
2652 1134
2653 2607
2654 968
2655 2339
2656 2284
2657 2244
2658 1187
2659 2191
2660 1998
2661 403
2662 812
2663 2294
2664 1457
2665 1312
2666 961
2667 1195
2668 1142
2669 2561
2670 343
2671 1839
2672 1982
2673 2560
2674 2296
2675 1250
2676 2361
2677 2013
2678 432
2679 1792
2680 1244
2681 1033
2682 1770
2683 1276
2684 1142
2685 2024
2686 181
2687 32
2688 773
2689 1345
2690 866
2691 1926
2692 2555
2693 381
2694 1585
2695 160
2696 1781
2697 1643
2698 749
2699 855
2700 1650
2701 1143
2702 2080
2703 304
2704 2306
2705 942
2706 1237
2707 1660
2708 2552
2709 852
2710 1714
2711 1401
2712 2261
2713 2054
2714 5
2715 2410
2716 2419
2717 968
2718 787
2719 651
2720 1746
2721 2608
2722 126
2723 155
2724 509
2725 25
2726 1103
2727 450
2728 2068
2729 1041
2730 2602
2731 1158
2732 2585
2733 155
2734 1399
2735 904
2736 605
2737 1678
2738 2503
2739 560
2740 2340
2741 881
2742 1801
2743 619
2744 1906
2745 1357
2746 466
2747 1747
2748 2723
2749 1162
2750 2749
2751 1270
2752 2124
2753 2257
2754 2399
2755 128
2756 2550
2757 1063
2758 113
2759 2727
2760 561
2761 113
2762 2001
2763 687
2764 1317
2765 2738
2766 1381
2767 1728
2768 1639
2769 2129
2770 1319
2771 2581
2772 1183
2773 2368
2774 1708
2775 884
2776 2073
2777 198
2778 2353
2779 1315
2780 1552
2781 2346
2782 1701
2783 1351
2784 50
2785 1573
2786 507
2787 2479
2788 2196
2789 2372
2790 202
2791 1577
2792 2147
2793 1924
2794 2152
2795 1472
2796 1407
2797 2107
2798 1183
2799 479
2800 2667
2801 2118
2802 679
2803 2135
2804 2093
2805 2658
2806 2555
2807 1932
2808 2471
2809 1042
2810 1138
2811 2546
2812 548
2813 236
2814 1852
2815 2234
2816 1969
2817 2219
2818 292
2819 2789
2820 515
2821 474
2822 851
2823 2608
2824 1160
2825 1000
2826 1172
2827 2199
2828 1573
2829 807
2830 759
2831 1381
2832 1037
2833 573
2834 946
2835 1658
2836 2615
2837 1414
2838 372
2839 1080
2840 2711
2841 2383
2842 1670
2843 466
2844 715
2845 2208
2846 2085
2847 254
2848 350
2849 2307
2850 2076
2851 2065
2852 1060
2853 367
2854 411
2855 2322
2856 166
2857 1895
2858 2147
2859 611
2860 1834
2861 1736
2862 2203
2863 238
2864 1282
2865 2182
2866 563
2867 1417
2868 13
2869 1748
2870 2079
2871 1731
2872 1999
2873 1799
2874 2115
2875 1469
2876 696
2877 2859
2878 256
2879 2426
2880 2093
2881 2446
2882 293
2883 219
2884 1021
2885 223
2886 594
2887 1035
2888 2664
2889 576
2890 451
2891 66
2892 2020
2893 2504
2894 1539
2895 1695
2896 2873
2897 226
2898 2124
2899 943
2900 2859
2901 1760
2902 2166
2903 2615
2904 1558
2905 1153
2906 2513
2907 1300
2908 2829
2909 2520
2910 65
2911 2578
2912 1485
2913 1419
2914 522
2915 1734
2916 1657
2917 444
2918 150
2919 1041
2920 364
2921 1907
2922 326
2923 1878
2924 1373
2925 910
2926 772
2927 1017
2928 1941
2929 1744
2930 1887
2931 1112
2932 362
2933 603
2934 2136
2935 1924
2936 2200
2937 2398
2938 891
2939 1437
2940 1974
2941 2119
2942 2916
2943 453
2944 1166
2945 1850
2946 2597
2947 227
2948 1419
2949 1064
2950 1036
2951 693
2952 2059
2953 609
2954 1843
2955 1753
2956 179
2957 1591
2958 507
2959 2494
2960 2455
2961 768
2962 373
2963 1904
2964 833
2965 1132
2966 1162
2967 91
2968 1362
2969 940
2970 2339
2971 1330
2972 1532
2973 2769
2974 1333
2975 1
2976 820
2977 1339
2978 2610
2979 2606
2980 639
2981 2486
2982 656
2983 2417
2984 937
2985 1681
2986 1695
2987 1079
2988 629
2989 1397
2990 2096
2991 2688
2992 2695
2993 530
2994 1014
2995 928
2996 212
2997 2455
2998 1038
2999 937
3000 1992
