0 10000
2 1158 1425 3491 9157
1 4681 2613 10
2 9787 237 9996 9070
1 8567 7558 2
1 5017 2421 9
1 8341 622 10
1 6167 3757 8
2 1718 2137 8647 2907
2 1028 3170 9551 5452
1 1023 2040 9
2 4002 36 8729 462
2 5370 4222 8165 9235
1 5138 7141 9
2 7249 2247 7949 8236
2 6019 736 9557 5569
1 585 1020 9
1 9411 3407 1
1 9794 8404 1
2 1694 7835 3773 7994
1 6831 1486 7
2 8734 2834 8786 7333
1 1156 8068 2
2 447 468 8324 6614
2 6476 20 9858 7996
2 3343 5003 4879 6596
2 5036 2996 6190 8218
1 788 9055 9
1 4192 3251 8
2 4775 3831 7670 5993
2 2723 5079 5222 8958
1 5551 3074 10
1 6022 8484 4
1 3519 1131 5
2 1964 132 3494 7882
1 4038 7484 2
1 5153 7882 1
1 2179 5732 4
1 7162 5430 3
2 572 3584 8961 9055
1 5763 8926 9
1 7013 4812 1
1 9045 1695 6
2 5746 3627 8032 6632
2 5528 1981 5578 5805
1 2739 3763 2
2 4334 3795 4638 9740
1 6753 8665 1
1 2030 9525 1
2 4921 1495 6135 7801
2 866 2611 9118 5832
2 3022 4540 9692 6431
1 3454 2994 8
1 3140 298 9
2 3364 2543 7050 5260
2 6163 513 9240 5061
1 8649 8313 7
2 496 1855 6729 7364
2 1268 1250 9520 7899
2 2513 558 5491 5652
1 5721 655 6
1 370 5867 9
2 122 186 927 8053
2 4467 5281 4786 6684
1 7547 3488 6
1 1386 6655 4
1 5519 6973 1
2 4179 4786 8176 6651
2 3156 653 8546 8155
1 1208 4628 6
1 9413 4799 6
1 5198 9922 10
1 5088 9565 2
2 4828 5936 5006 7210
2 2907 144 5359 2587
2 1452 5958 3359 7148
1 4566 585 6
1 9997 697 2
2 2246 930 9221 7475
1 5138 2621 10
1 9831 1597 10
2 3307 3451 3820 5016
1 5272 6950 9
1 2028 9495 6
2 8321 4514 8622 5874
1 867 9700 10
2 769 1735 8614 8969
1 6951 9684 10
2 2990 2792 8035 2908
2 9407 7239 9658 9742
1 5253 1756 6
1 2621 1019 10
2 1885 1849 8359 6385
1 7327 3505 9
1 6807 8232 8
2 1222 3587 9056 4013
1 8714 106 3
2 411 4272 8227 5427
1 3031 5291 2
2 2268 5700 3527 9911
2 3767 2382 9594 9767
1 1998 3062 4
1 6648 3002 6
2 1238 370 8067 6393
1 6664 780 1
2 162 533 2217 4072
1 4269 2691 4
2 6900 1018 8637 6440
1 5250 431 8
2 1107 846 3431 9959
1 7500 2084 4
2 5099 3465 7360 5525
1 4244 2033 10
1 6301 5152 8
1 3788 4119 4
2 1588 1583 7131 4089
1 1370 399 3
2 651 3169 8424 4064
2 5749 5046 6245 5565
2 489 1495 9545 7598
2 4696 8484 9684 9174
2 6018 3952 6775 9641
2 7215 3058 8950 7613
1 7517 2388 6
1 5557 6219 5
2 2464 9304 4037 9480
1 3581 798 6
2 6759 3362 9971 9614
1 2751 6388 2
1 3602 2740 2
1 2362 3148 4
1 1314 5510 6
2 7411 1081 8815 2851
2 839 4517 7533 6431
1 3855 7878 9
2 3608 3289 9856 6920
2 9233 2380 9809 7375
1 2380 7329 8
1 9190 9405 4
1 485 9035 7
2 4752 741 6225 9990
2 1568 2073 8606 8618
1 8487 8280 6
2 4024 1815 4441 4245
2 2477 2799 2755 5495
1 8233 775 3
1 9809 2599 8
1 8940 7039 6
1 5644 8095 7
2 6672 2745 8700 4889
1 3140 5485 8
2 822 4315 3153 9650
1 4189 7882 7
1 2950 4047 3
1 6432 3823 7
1 161 622 3
1 4690 7026 4
1 1914 8348 10
1 9907 537 4
1 3689 574 6
1 4807 1924 3
1 2323 1396 5
2 1570 7972 4662 8082
1 5016 2501 4
2 307 4363 9664 9374
1 4057 4269 4
1 4842 9182 6
1 9763 6712 2
1 820 3124 4
1 8229 1943 8
2 4258 8877 6377 9432
2 4791 2957 6299 4892
2 3396 7014 9874 8889
2 251 4422 1067 9945
2 3314 486 9515 747
2 2099 7002 9888 8183
1 1340 4559 2
1 9787 2689 7
2 283 1204 7480 7227
1 156 2467 4
1 3240 9516 7
2 2829 1913 9642 3314
1 5881 315 5
1 8155 1924 1
1 3873 8407 7
1 9436 8298 2
2 1876 4342 9874 7890
1 7448 3934 10
2 4061 54 6879 5851
2 5365 5934 5831 5949
1 337 4224 9
1 8096 9728 4
1 5515 1231 8
1 3107 4130 8
2 1284 5257 4085 7954
2 4497 3804 7100 4550
1 8816 6836 1
2 3184 8152 5340 8190
2 3435 1 9589 4231
2 1330 6241 7172 6630
2 2787 6781 8005 8043
2 5362 6113 5958 8264
2 6883 1784 9912 3099
2 7825 3338 7999 6282
1 4481 3124 8
1 9477 1113 4
1 2442 6925 8
2 3706 442 5974 4571
2 4237 2304 5216 9932
1 6999 9187 3
1 7185 1926 9
2 2711 4078 9997 5291
2 2359 1541 5825 1542
1 9284 3978 4
1 772 7887 9
1 8475 3842 8
1 37 2089 7
1 8723 9853 7
1 6726 6669 6
2 5251 8639 7098 9591
1 6791 5325 2
1 7238 4220 4
2 6302 1972 8130 7766
1 3432 2008 3
2 4040 17 5952 1646
2 7077 8314 9029 8455
1 6667 57 1
1 6847 5725 9
1 9314 418 2
1 4900 8679 3
1 7886 3226 10
2 2845 1629 5678 5621
1 8746 7010 2
2 1816 1872 2488 7343
1 7454 5070 10
2 422 2654 1741 9133
2 5321 1333 6068 8543
2 8397 124 9293 4970
2 3010 2951 7593 6338
2 4479 8511 4942 8636
2 2702 2730 4804 4123
1 8455 5863 2
2 548 4307 4869 6201
2 5442 1770 6018 5565
2 4111 1309 7340 6642
2 1963 5311 6800 9305
1 6950 9012 6
2 2228 3310 3815 8622
1 261 3849 3
1 749 2945 2
2 1755 1231 4714 3662
1 9415 1693 4
2 4751 155 8493 9650
2 1700 1379 8971 5518
1 8632 9959 6
2 4548 4506 6571 7490
2 1444 8557 7492 8781
2 6146 6140 9550 8964
2 2676 1751 6491 2492
1 9182 2275 1
2 384 5931 7597 6229
1 1041 6736 10
2 800 5127 1284 9949
1 2243 3684 5
2 3459 4006 6175 6372
1 5209 3034 6
2 2215 333 6262 3266
1 2192 1 9
1 1041 7245 10
1 4880 6840 6
2 41 2146 1920 5980
1 6215 4870 3
1 4084 9141 6
1 7202 8172 1
1 7790 402 5
2 910 3735 8831 4506
2 1769 5506 3817 9385
1 5736 7837 5
2 8311 2243 9103 4702
2 7231 5326 9538 7735
1 1754 7799 9
1 8200 4053 3
1 4139 2515 7
2 4283 5703 4932 9788
1 7020 3976 2
1 2286 4633 7
2 5906 6244 8614 9488
1 3550 1241 9
1 784 3918 3
2 6982 2844 9379 5697
1 7616 1399 3
1 9196 2262 10
1 9866 6367 1
2 5519 2368 7246 5859
1 3439 9409 5
2 7709 230 9427 6413
1 5157 9256 10
1 9567 1997 2
1 2103 7799 2
2 2550 7035 6925 9639
2 4432 5654 9795 5754
2 7054 1414 7870 3379
2 7284 2806 8238 8332
2 3846 2714 5167 3412
2 3165 1568 3770 4572
1 9348 4844 3
2 1878 2896 8044 3983
1 49 1590 8
2 3287 2278 8643 4927
2 1525 610 8397 5370
1 3563 5133 4
2 5251 400 6056 7548
2 94 734 5145 8323
1 3188 2305 7
1 3894 8854 10
1 132 689 6
1 2213 8127 4
2 5418 2185 7801 8878
2 1473 6084 7812 8224
1 7906 5309 7
2 5289 367 8533 8947
1 8778 4152 6
2 4284 4850 5184 8044
2 3310 3813 6893 7463
1 2310 5999 4
2 2082 7765 8357 9415
2 3665 4943 9900 5305
1 4784 4251 7
1 8403 5323 9
2 3887 2678 9718 9114
1 4052 9570 7
2 1049 2235 8232 8365
1 463 3074 5
1 6738 6079 4
1 7740 5169 5
2 7380 2659 8729 7399
2 6675 1772 7098 9775
1 7078 5696 5
1 3927 5370 1
2 1717 7174 2390 8033
1 4806 3252 4
2 2197 4072 7343 9401
1 9595 6780 1
1 3877 9935 9
1 6833 2486 9
1 5360 5977 8
2 4620 4077 7314 6336
2 5833 1142 7206 4736
1 4548 8808 9
2 7080 2484 7960 9770
2 956 7311 6626 9704
2 2855 822 5463 9361
1 894 103 9
1 3768 2644 4
2 137 830 688 2481
1 5847 3718 10
2 6201 759 6279 3770
1 2335 395 7
2 2209 4737 8076 9382
1 8970 5836 3
2 5567 1729 9604 5555
1 8048 2594 4
2 4792 4949 5107 6412
2 2734 1228 5866 3932
2 5135 1689 9480 5660
2 3172 7422 3211 8532
2 2861 3985 5905 5175
1 4767 5849 10
1 8543 6567 2
2 269 243 8026 3453
2 945 4174 3002 8834
1 6079 522 2
1 7943 6103 4
2 412 2343 8359 5698
1 5179 4544 2
1 3086 7201 4
1 5226 7198 1
2 5993 365 8229 5525
2 2177 1604 6071 5108
2 365 7562 4120 7917
1 6169 8328 5
1 9858 9158 3
2 2494 6793 8595 9337
2 3837 4272 6043 6700
2 8965 8357 9829 9796
1 5035 9816 7
1 7377 1818 7
1 7986 4347 4
1 556 3421 1
2 2016 2385 4501 7704
2 543 1166 4590 4403
2 770 962 3134 9126
2 2762 6271 4520 8941
1 4579 5937 6
1 6635 6581 3
1 1 7805 6
2 189 942 6072 7346
2 5406 996 6826 1883
2 2719 4129 8129 7782
1 3421 544 1
1 5122 3559 6
2 194 3736 2602 4986
1 406 6581 6
2 278 2129 4239 4517
1 6121 6274 2
2 8992 3126 9604 6782
2 9376 3669 9404 5465
2 5532 222 9315 9508
2 2898 4891 8133 9595
1 8955 1836 4
2 2742 3672 6075 8547
2 5289 23 9043 2176
2 5354 3958 8414 8434
1 7170 9928 7
1 5459 4886 2
1 4480 4551 3
2 9809 6669 9858 7293
1 9833 34 1
2 5428 4015 7770 7603
1 6184 7912 6
1 7625 8867 6
1 2609 2706 9
1 2649 2368 1
1 5726 8670 1
2 1718 2347 5962 5947
2 3954 1969 4199 4126
1 3946 8152 4
1 5472 6320 9
2 1777 7118 9323 7211
2 3840 5930 4425 8258
1 2510 5110 1
1 1057 5258 2
2 4949 1425 9457 3999
1 5247 5928 5
1 7751 7094 8
2 6416 2515 8599 9978
2 3023 5908 7733 7632
2 6594 2742 7454 7769
2 1145 7642 9064 8520
2 6093 1339 6423 6296
1 7197 2228 7
2 3977 6491 7058 9499
1 7035 6736 9
2 820 3766 3208 5103
2 661 7886 7993 9724
1 9137 4595 10
1 7242 6292 10
2 4845 482 9840 1499
1 4343 3891 7
1 7277 5052 9
1 5871 5011 8
2 7521 6790 9206 7198
2 7460 2686 9399 9269
1 4702 1912 6
1 8104 8684 5
1 510 2407 7
2 229 6103 1197 7458
1 6099 8820 4
1 8026 8296 7
1 1161 5358 1
2 978 8527 9673 9241
2 747 958 2894 7344
2 7458 2785 7608 9717
1 9913 3013 2
1 5463 3542 3
1 7919 8738 8
1 9898 8865 7
1 6194 4983 2
2 2778 3787 7046 4144
2 812 8103 5057 8867
1 8077 8779 9
2 2691 8157 7715 9362
2 609 2806 6769 3246
1 1985 9262 4
2 3612 5257 4245 7642
1 6389 8138 8
1 6240 7302 3
1 5378 5441 7
1 9508 3090 6
2 6352 7826 7262 9472
1 6756 1457 3
1 9634 489 7
1 4482 8121 5
1 8259 134 1
2 6796 8589 7289 8689
1 5463 8096 9
2 2111 4562 6858 5724
1 3840 2480 1
2 572 1475 9950 9029
1 1406 7149 8
2 5407 3541 5586 7318
2 626 4606 5276 9395
1 3371 7605 2
2 2166 2309 7557 6198
1 6388 8039 2
2 1718 3156 5865 3287
1 8866 6694 6
1 6586 6874 4
2 3851 8900 8549 9597
2 1920 105 7123 7201
2 1916 7661 5784 8284
3
