100
1 2
1 3
3 4
2 5
5 6
3 7
5 8
2 9
8 10
9 11
4 12
3 13
2 14
14 15
8 16
15 17
6 18
8 19
11 20
20 21
19 22
12 23
20 24
10 25
25 26
22 27
22 28
5 29
29 30
21 31
5 32
25 33
29 34
15 35
27 36
20 37
1 38
5 39
13 40
37 41
5 42
42 43
29 44
24 45
33 46
41 47
39 48
5 49
8 50
18 51
49 52
28 53
10 54
6 55
7 56
8 57
36 58
9 59
52 60
58 61
43 62
21 63
37 64
48 65
53 66
3 67
46 68
47 69
40 70
27 71
70 72
55 73
71 74
4 75
45 76
65 77
3 78
57 79
30 80
76 81
17 82
58 83
81 84
66 85
33 86
40 87
36 88
2 89
72 90
55 91
14 92
18 93
35 94
76 95
8 96
67 97
6 98
19 99
1 100
1001101111100011100010101011111010010101100101111100110100011001000010100101010100110000011111011011