5000 5000 5000
1 2 2
2 3 6
3 4 7
4 5 1
2 6 6
3 7 5
4 8 2
5 9 1
9 10 5
9 11 6
9 12 3
2 13 10
9 14 5
7 15 10
7 16 10
15 17 8
6 18 2
7 19 1
9 20 7
14 21 10
18 22 10
18 23 8
20 24 10
12 25 7
12 26 8
17 27 5
18 28 10
16 29 6
29 30 2
27 31 8
14 32 5
20 33 5
31 34 10
23 35 4
33 36 10
15 37 3
37 38 2
12 39 2
3 40 1
38 41 10
38 42 4
32 43 9
4 44 1
44 45 2
33 46 3
21 47 6
21 48 10
2 49 5
28 50 8
40 51 9
34 52 6
36 53 8
13 54 5
23 55 8
36 56 9
37 57 3
40 58 2
22 59 9
52 60 7
22 61 7
12 62 5
38 63 8
44 64 3
44 65 5
65 66 5
26 67 9
41 68 9
57 69 6
18 70 7
56 71 10
23 72 4
71 73 3
17 74 8
65 75 2
49 76 3
2 77 5
60 78 1
54 79 2
70 80 9
69 81 6
78 82 4
73 83 2
50 84 5
81 85 6
53 86 4
20 87 2
15 88 2
72 89 5
56 90 4
26 91 4
58 92 5
60 93 8
75 94 5
50 95 3
93 96 8
16 97 7
4 98 6
86 99 4
98 100 9
31 101 5
8 102 10
78 103 9
89 104 9
99 105 1
39 106 10
95 107 4
61 108 6
81 109 2
107 110 2
4 111 5
58 112 6
26 113 1
36 114 1
18 115 3
49 116 9
85 117 1
71 118 4
3 119 1
67 120 6
21 121 9
87 122 7
104 123 1
95 124 5
38 125 5
101 126 10
97 127 7
117 128 2
37 129 7
91 130 7
89 131 3
24 132 7
93 133 6
102 134 6
16 135 5
96 136 9
136 137 7
79 138 7
81 139 9
84 140 3
83 141 9
66 142 4
41 143 8
116 144 7
22 145 9
58 146 5
90 147 1
31 148 8
145 149 5
123 150 4
69 151 7
116 152 4
24 153 9
113 154 4
55 155 3
108 156 2
69 157 1
127 158 9
94 159 1
86 160 4
90 161 10
17 162 3
23 163 4
60 164 9
124 165 7
157 166 9
163 167 4
161 168 10
70 169 4
45 170 2
167 171 1
140 172 1
72 173 1
138 174 1
18 175 7
36 176 3
130 177 7
108 178 10
175 179 8
144 180 8
64 181 2
107 182 9
65 183 2
124 184 10
167 185 3
183 186 3
160 187 10
27 188 7
138 189 5
150 190 5
3 191 5
81 192 2
115 193 5
109 194 1
61 195 1
101 196 8
160 197 8
133 198 8
135 199 8
127 200 6
140 201 2
15 202 3
147 203 3
118 204 2
137 205 10
102 206 1
20 207 5
97 208 4
44 209 6
29 210 4
86 211 7
32 212 10
68 213 9
36 214 7
50 215 6
52 216 5
209 217 1
114 218 1
58 219 2
100 220 6
121 221 2
92 222 4
73 223 1
117 224 10
90 225 6
108 226 3
188 227 5
201 228 9
17 229 1
152 230 10
88 231 8
87 232 8
57 233 8
163 234 8
141 235 1
188 236 10
101 237 1
90 238 1
219 239 4
100 240 10
119 241 4
4 242 10
186 243 8
128 244 1
40 245 5
212 246 7
245 247 8
192 248 3
159 249 3
249 250 8
146 251 4
182 252 10
91 253 3
203 254 7
15 255 1
32 256 5
230 257 1
165 258 1
168 259 7
144 260 8
81 261 5
258 262 5
248 263 4
121 264 3
134 265 10
125 266 3
8 267 8
126 268 8
118 269 3
13 270 6
263 271 10
51 272 6
214 273 9
269 274 10
185 275 1
44 276 5
93 277 6
90 278 1
201 279 8
76 280 7
120 281 4
274 282 3
9 283 3
139 284 10
43 285 3
141 286 10
169 287 8
268 288 6
28 289 5
219 290 2
76 291 5
219 292 2
93 293 9
16 294 1
267 295 8
277 296 6
223 297 8
263 298 3
174 299 9
270 300 8
213 301 10
259 302 9
189 303 4
148 304 6
294 305 1
247 306 5
264 307 4
82 308 8
225 309 4
188 310 1
292 311 7
205 312 4
154 313 7
235 314 7
117 315 1
79 316 9
188 317 3
215 318 10
234 319 4
149 320 5
184 321 3
16 322 1
108 323 10
202 324 10
203 325 8
267 326 6
308 327 9
281 328 1
171 329 2
128 330 3
192 331 2
229 332 5
240 333 3
176 334 3
122 335 8
155 336 1
300 337 1
33 338 7
118 339 3
106 340 6
312 341 10
229 342 7
39 343 7
270 344 7
208 345 7
155 346 1
257 347 5
93 348 6
55 349 8
133 350 4
127 351 8
348 352 8
244 353 9
246 354 3
314 355 4
183 356 3
108 357 1
135 358 4
103 359 8
165 360 6
347 361 1
336 362 5
73 363 10
228 364 3
229 365 10
348 366 3
165 367 4
89 368 8
114 369 8
248 370 5
241 371 10
365 372 6
314 373 9
261 374 1
6 375 9
241 376 4
163 377 2
183 378 6
119 379 2
375 380 10
173 381 8
9 382 2
283 383 6
91 384 4
185 385 3
89 386 5
80 387 8
80 388 3
318 389 9
254 390 5
209 391 1
207 392 10
208 393 10
276 394 4
159 395 8
263 396 6
163 397 7
271 398 9
220 399 9
47 400 8
181 401 5
75 402 2
306 403 2
293 404 9
403 405 1
95 406 1
33 407 5
89 408 4
381 409 10
306 410 7
88 411 2
253 412 4
24 413 10
169 414 3
135 415 9
95 416 1
303 417 2
279 418 6
101 419 1
411 420 9
13 421 10
190 422 6
349 423 3
382 424 1
393 425 6
37 426 4
166 427 1
394 428 9
370 429 3
194 430 2
363 431 3
319 432 7
292 433 7
386 434 3
233 435 9
321 436 3
355 437 2
253 438 5
75 439 7
253 440 1
164 441 3
21 442 3
239 443 2
157 444 7
287 445 7
145 446 9
433 447 4
345 448 7
72 449 9
53 450 10
248 451 1
419 452 8
21 453 2
51 454 1
250 455 8
83 456 4
76 457 8
193 458 7
227 459 1
210 460 7
17 461 4
458 462 8
280 463 1
56 464 9
433 465 8
251 466 8
10 467 5
447 468 4
198 469 8
330 470 6
127 471 8
267 472 9
371 473 6
48 474 6
421 475 1
332 476 7
130 477 7
176 478 3
387 479 3
39 480 10
60 481 6
423 482 10
414 483 6
161 484 7
209 485 9
4 486 2
370 487 4
3 488 3
308 489 4
128 490 10
84 491 9
441 492 9
280 493 4
277 494 6
212 495 7
162 496 6
320 497 6
167 498 5
433 499 7
489 500 5
377 501 7
339 502 5
304 503 7
76 504 3
354 505 4
29 506 7
202 507 2
159 508 9
9 509 1
58 510 10
409 511 1
14 512 2
296 513 1
239 514 10
372 515 8
187 516 6
66 517 4
240 518 6
23 519 8
40 520 4
81 521 4
13 522 5
171 523 8
511 524 9
434 525 9
390 526 10
204 527 7
235 528 1
213 529 8
393 530 8
47 531 7
489 532 3
76 533 7
437 534 2
479 535 7
291 536 7
200 537 8
178 538 6
435 539 8
51 540 6
528 541 6
540 542 1
394 543 7
78 544 10
178 545 2
393 546 2
402 547 3
331 548 9
433 549 3
44 550 5
22 551 8
14 552 3
509 553 6
264 554 3
197 555 6
525 556 3
391 557 4
230 558 4
462 559 4
547 560 7
117 561 3
164 562 4
369 563 4
523 564 5
464 565 7
212 566 7
108 567 5
91 568 2
328 569 2
385 570 7
257 571 3
320 572 8
66 573 3
502 574 9
179 575 6
12 576 5
432 577 6
286 578 6
229 579 5
50 580 7
313 581 4
14 582 8
186 583 6
433 584 3
563 585 4
199 586 4
510 587 9
397 588 5
238 589 5
518 590 2
211 591 1
4 592 10
532 593 6
366 594 7
436 595 10
145 596 4
589 597 9
539 598 6
339 599 1
450 600 1
204 601 9
312 602 1
85 603 8
102 604 2
207 605 1
578 606 3
215 607 9
499 608 9
298 609 3
86 610 10
352 611 1
146 612 6
499 613 6
188 614 5
542 615 1
606 616 2
573 617 1
21 618 7
253 619 9
38 620 1
269 621 1
62 622 2
55 623 10
278 624 9
295 625 8
38 626 6
464 627 10
81 628 8
195 629 4
384 630 3
566 631 10
319 632 4
510 633 7
68 634 2
193 635 3
242 636 6
265 637 8
496 638 6
136 639 8
446 640 4
377 641 3
82 642 6
156 643 2
363 644 1
410 645 9
398 646 3
644 647 10
381 648 2
208 649 1
300 650 5
183 651 7
552 652 7
552 653 8
184 654 5
431 655 7
333 656 3
9 657 7
505 658 3
286 659 2
25 660 5
381 661 7
280 662 10
44 663 8
256 664 3
122 665 6
312 666 10
334 667 8
48 668 7
273 669 10
85 670 1
458 671 1
124 672 9
369 673 2
99 674 9
64 675 5
348 676 8
13 677 4
533 678 10
83 679 10
301 680 8
445 681 1
531 682 8
660 683 7
467 684 7
610 685 9
437 686 5
384 687 2
635 688 8
547 689 7
204 690 10
553 691 3
670 692 5
394 693 6
287 694 7
293 695 10
109 696 1
574 697 3
617 698 1
619 699 3
674 700 6
292 701 6
50 702 3
413 703 5
644 704 3
435 705 10
103 706 6
26 707 1
466 708 7
76 709 6
586 710 2
525 711 9
377 712 8
661 713 1
508 714 1
352 715 5
508 716 9
110 717 9
238 718 8
133 719 4
333 720 8
165 721 4
310 722 6
73 723 4
421 724 2
553 725 9
431 726 7
499 727 7
266 728 1
256 729 2
629 730 5
288 731 10
650 732 9
589 733 5
177 734 5
112 735 7
702 736 3
583 737 6
528 738 9
596 739 4
516 740 2
295 741 7
621 742 3
642 743 4
674 744 5
161 745 6
379 746 4
746 747 1
699 748 8
157 749 9
599 750 4
498 751 6
142 752 10
617 753 8
441 754 4
287 755 3
616 756 7
494 757 6
118 758 5
745 759 5
586 760 6
520 761 9
94 762 9
211 763 3
421 764 9
547 765 8
242 766 8
719 767 10
525 768 7
7 769 10
658 770 1
183 771 8
527 772 2
291 773 7
307 774 3
455 775 10
268 776 2
608 777 9
108 778 2
735 779 8
717 780 3
367 781 1
424 782 1
308 783 1
248 784 10
741 785 8
631 786 3
411 787 8
341 788 9
94 789 5
589 790 10
724 791 3
647 792 3
169 793 5
763 794 3
453 795 3
177 796 9
43 797 9
66 798 9
618 799 9
615 800 2
466 801 10
248 802 4
563 803 3
662 804 6
433 805 4
220 806 2
356 807 8
711 808 8
512 809 9
644 810 4
523 811 9
41 812 9
47 813 4
293 814 10
20 815 7
78 816 9
236 817 8
634 818 5
798 819 5
126 820 8
680 821 5
639 822 8
74 823 6
461 824 3
424 825 1
14 826 10
83 827 3
127 828 9
212 829 5
518 830 9
293 831 1
663 832 9
743 833 10
249 834 2
210 835 4
402 836 5
386 837 2
198 838 1
778 839 3
74 840 3
383 841 6
729 842 3
436 843 3
389 844 5
565 845 1
310 846 2
516 847 3
110 848 4
578 849 6
787 850 9
269 851 6
136 852 9
108 853 1
485 854 7
567 855 8
791 856 5
83 857 5
180 858 10
457 859 9
476 860 8
132 861 10
603 862 5
240 863 2
698 864 7
351 865 4
237 866 7
344 867 4
226 868 1
506 869 8
215 870 8
755 871 1
644 872 10
252 873 2
408 874 6
330 875 7
330 876 3
540 877 5
432 878 2
604 879 4
314 880 6
750 881 7
493 882 1
670 883 9
558 884 5
758 885 1
704 886 5
33 887 7
95 888 10
368 889 4
340 890 1
70 891 2
441 892 8
67 893 10
88 894 6
672 895 10
684 896 5
780 897 6
850 898 7
328 899 9
231 900 4
719 901 6
677 902 1
828 903 3
384 904 3
272 905 8
569 906 8
385 907 7
73 908 9
62 909 7
266 910 1
436 911 10
204 912 4
861 913 3
128 914 2
281 915 3
332 916 1
910 917 6
236 918 2
116 919 4
795 920 6
293 921 7
366 922 3
561 923 9
159 924 1
51 925 10
818 926 4
533 927 10
825 928 5
352 929 7
658 930 7
589 931 5
314 932 8
58 933 10
734 934 10
591 935 5
255 936 9
181 937 7
769 938 8
489 939 7
250 940 5
456 941 2
886 942 6
525 943 5
863 944 7
329 945 9
98 946 1
799 947 1
380 948 5
797 949 1
614 950 9
115 951 10
596 952 9
170 953 1
241 954 4
479 955 5
228 956 4
743 957 7
956 958 1
85 959 10
308 960 3
290 961 3
371 962 5
182 963 5
890 964 6
793 965 6
49 966 1
801 967 3
50 968 2
901 969 7
337 970 1
593 971 6
651 972 3
656 973 2
548 974 5
437 975 2
189 976 3
555 977 4
276 978 10
80 979 7
608 980 6
202 981 2
401 982 8
111 983 8
756 984 9
504 985 7
385 986 9
978 987 3
133 988 5
577 989 6
709 990 9
610 991 10
548 992 6
453 993 7
271 994 4
405 995 3
459 996 6
80 997 6
990 998 10
227 999 5
211 1000 9
441 1001 10
10 1002 4
502 1003 1
407 1004 10
631 1005 1
174 1006 6
404 1007 1
528 1008 4
210 1009 5
999 1010 2
959 1011 9
415 1012 2
364 1013 4
108 1014 9
227 1015 2
379 1016 9
633 1017 9
74 1018 6
141 1019 7
562 1020 5
807 1021 8
230 1022 9
406 1023 2
611 1024 7
458 1025 3
609 1026 6
409 1027 10
876 1028 7
771 1029 1
234 1030 1
814 1031 5
836 1032 8
91 1033 8
125 1034 3
624 1035 2
683 1036 10
535 1037 9
813 1038 7
921 1039 4
255 1040 8
376 1041 3
405 1042 6
966 1043 3
1008 1044 5
3 1045 10
437 1046 8
126 1047 8
985 1048 10
391 1049 1
907 1050 10
203 1051 10
528 1052 1
718 1053 1
193 1054 10
830 1055 2
858 1056 9
966 1057 1
329 1058 8
555 1059 10
881 1060 7
970 1061 10
56 1062 7
240 1063 4
440 1064 4
734 1065 9
406 1066 6
604 1067 7
711 1068 9
765 1069 7
280 1070 1
198 1071 8
960 1072 4
1022 1073 7
915 1074 2
999 1075 4
280 1076 8
771 1077 7
985 1078 2
1042 1079 10
995 1080 3
250 1081 3
779 1082 1
367 1083 9
167 1084 5
843 1085 10
882 1086 5
287 1087 6
1086 1088 6
1020 1089 8
873 1090 10
871 1091 8
1042 1092 5
24 1093 3
901 1094 3
308 1095 4
870 1096 4
282 1097 7
310 1098 6
759 1099 5
521 1100 2
726 1101 9
634 1102 2
256 1103 3
674 1104 9
366 1105 5
859 1106 4
422 1107 7
232 1108 7
267 1109 6
778 1110 3
581 1111 6
274 1112 8
662 1113 1
443 1114 9
988 1115 7
760 1116 3
17 1117 7
280 1118 10
757 1119 5
806 1120 2
312 1121 8
20 1122 5
853 1123 6
400 1124 5
968 1125 10
17 1126 4
563 1127 4
679 1128 9
595 1129 6
92 1130 4
1004 1131 8
692 1132 10
880 1133 4
49 1134 4
923 1135 1
927 1136 2
402 1137 3
752 1138 4
742 1139 9
237 1140 1
879 1141 7
281 1142 7
501 1143 8
239 1144 7
411 1145 5
242 1146 1
940 1147 1
1051 1148 7
37 1149 1
75 1150 7
741 1151 10
283 1152 10
584 1153 5
1088 1154 2
836 1155 4
169 1156 4
662 1157 10
994 1158 2
1157 1159 7
1137 1160 6
691 1161 1
490 1162 5
816 1163 7
664 1164 8
695 1165 5
54 1166 9
590 1167 3
643 1168 8
845 1169 2
710 1170 4
887 1171 6
921 1172 6
906 1173 9
863 1174 6
717 1175 7
103 1176 7
976 1177 10
1089 1178 1
579 1179 6
980 1180 3
1082 1181 5
167 1182 5
579 1183 2
972 1184 9
715 1185 6
1123 1186 1
612 1187 1
894 1188 1
1179 1189 5
977 1190 7
844 1191 1
1086 1192 3
426 1193 8
1073 1194 6
765 1195 6
156 1196 6
680 1197 4
765 1198 10
619 1199 6
149 1200 9
534 1201 10
965 1202 5
1055 1203 6
405 1204 3
29 1205 2
1165 1206 8
80 1207 7
750 1208 4
850 1209 6
519 1210 9
1033 1211 3
221 1212 2
872 1213 6
48 1214 4
210 1215 10
582 1216 7
508 1217 2
217 1218 4
216 1219 7
115 1220 4
480 1221 7
1031 1222 6
985 1223 2
977 1224 9
59 1225 1
784 1226 1
1214 1227 2
800 1228 3
426 1229 6
752 1230 3
315 1231 10
967 1232 8
1166 1233 3
213 1234 3
627 1235 9
1123 1236 2
527 1237 8
169 1238 2
793 1239 7
1089 1240 9
438 1241 10
1088 1242 5
1025 1243 4
1116 1244 2
1067 1245 5
301 1246 7
747 1247 6
1215 1248 10
100 1249 5
704 1250 10
485 1251 3
324 1252 2
40 1253 8
344 1254 2
1173 1255 4
1207 1256 4
35 1257 2
154 1258 7
833 1259 6
698 1260 7
723 1261 8
1081 1262 9
510 1263 7
846 1264 3
162 1265 5
838 1266 8
21 1267 4
791 1268 10
1059 1269 5
339 1270 5
1080 1271 4
1162 1272 4
643 1273 7
109 1274 3
349 1275 3
1106 1276 5
608 1277 5
824 1278 5
328 1279 6
154 1280 7
842 1281 2
870 1282 10
1005 1283 9
931 1284 7
549 1285 1
244 1286 3
152 1287 3
745 1288 2
1036 1289 10
482 1290 4
444 1291 6
299 1292 6
1286 1293 4
1239 1294 5
1075 1295 9
343 1296 4
1160 1297 9
239 1298 8
1205 1299 3
1146 1300 1
1085 1301 10
1255 1302 10
724 1303 5
1278 1304 3
152 1305 8
1093 1306 10
993 1307 7
635 1308 4
852 1309 4
139 1310 4
25 1311 1
68 1312 6
1259 1313 9
381 1314 1
239 1315 10
512 1316 9
211 1317 8
906 1318 2
204 1319 2
758 1320 8
29 1321 6
919 1322 3
1141 1323 1
550 1324 6
50 1325 7
220 1326 2
485 1327 6
988 1328 2
391 1329 3
1315 1330 1
542 1331 5
32 1332 2
865 1333 9
909 1334 6
1041 1335 3
903 1336 9
1231 1337 1
1033 1338 3
11 1339 10
1300 1340 1
758 1341 7
913 1342 6
31 1343 1
707 1344 1
85 1345 3
1196 1346 6
949 1347 10
483 1348 1
741 1349 4
613 1350 9
228 1351 1
426 1352 6
128 1353 10
191 1354 6
1155 1355 6
591 1356 8
1248 1357 10
100 1358 8
108 1359 4
1193 1360 5
46 1361 9
832 1362 5
754 1363 3
708 1364 10
470 1365 3
1113 1366 5
416 1367 9
941 1368 9
754 1369 10
57 1370 9
117 1371 2
505 1372 1
209 1373 3
490 1374 4
477 1375 8
670 1376 4
954 1377 4
1283 1378 7
1160 1379 7
1224 1380 3
809 1381 6
1220 1382 6
790 1383 7
1295 1384 2
165 1385 2
1222 1386 5
663 1387 1
855 1388 7
1188 1389 5
77 1390 2
394 1391 2
1027 1392 1
1247 1393 9
1276 1394 10
705 1395 3
312 1396 3
1017 1397 8
74 1398 4
1355 1399 6
959 1400 5
367 1401 8
446 1402 1
665 1403 8
1228 1404 4
774 1405 1
1222 1406 7
120 1407 5
1319 1408 6
519 1409 3
23 1410 7
108 1411 6
307 1412 8
1313 1413 2
875 1414 1
301 1415 8
1140 1416 8
1269 1417 8
478 1418 7
881 1419 9
426 1420 10
969 1421 8
1282 1422 2
1407 1423 4
30 1424 7
122 1425 1
164 1426 7
646 1427 7
1297 1428 2
390 1429 7
986 1430 8
886 1431 9
733 1432 4
1318 1433 5
440 1434 2
1085 1435 4
36 1436 3
206 1437 8
595 1438 8
1287 1439 2
1104 1440 1
864 1441 9
386 1442 1
605 1443 3
631 1444 6
1169 1445 6
1114 1446 6
1359 1447 10
1080 1448 2
852 1449 1
77 1450 8
295 1451 4
1376 1452 10
946 1453 7
2 1454 4
22 1455 4
741 1456 3
1075 1457 3
834 1458 1
551 1459 7
1009 1460 5
94 1461 2
1122 1462 8
635 1463 8
1226 1464 5
1111 1465 5
104 1466 7
642 1467 8
211 1468 3
598 1469 4
802 1470 4
1317 1471 6
427 1472 1
1402 1473 1
291 1474 4
1269 1475 10
610 1476 2
507 1477 9
1094 1478 1
61 1479 3
968 1480 9
469 1481 1
563 1482 10
1026 1483 2
610 1484 3
1047 1485 5
1188 1486 3
266 1487 6
1114 1488 8
642 1489 9
231 1490 8
1180 1491 3
87 1492 10
375 1493 2
48 1494 1
528 1495 1
411 1496 6
371 1497 7
92 1498 2
1158 1499 2
929 1500 6
78 1501 4
225 1502 7
271 1503 6
301 1504 10
236 1505 1
1379 1506 5
953 1507 9
1169 1508 5
17 1509 7
327 1510 10
7 1511 10
643 1512 9
593 1513 5
1500 1514 6
38 1515 8
1194 1516 5
563 1517 4
699 1518 3
947 1519 9
161 1520 6
1389 1521 2
202 1522 3
1232 1523 5
1427 1524 4
103 1525 6
1479 1526 2
156 1527 1
394 1528 4
247 1529 4
182 1530 2
341 1531 2
766 1532 3
321 1533 10
687 1534 5
1142 1535 10
295 1536 8
1273 1537 1
662 1538 2
1427 1539 9
1295 1540 10
296 1541 1
269 1542 1
1491 1543 4
198 1544 7
307 1545 5
1293 1546 9
1268 1547 5
909 1548 5
1366 1549 7
328 1550 4
108 1551 1
1470 1552 10
1045 1553 5
1321 1554 10
145 1555 1
1061 1556 10
1497 1557 3
1549 1558 3
1018 1559 4
729 1560 7
710 1561 8
524 1562 8
954 1563 10
782 1564 9
268 1565 10
774 1566 6
334 1567 7
625 1568 5
1341 1569 8
669 1570 7
1378 1571 8
1539 1572 8
822 1573 6
1117 1574 9
1482 1575 10
1197 1576 1
1053 1577 4
611 1578 10
19 1579 9
730 1580 10
1141 1581 2
1106 1582 4
76 1583 2
829 1584 2
1433 1585 5
648 1586 9
1042 1587 4
537 1588 3
211 1589 10
1485 1590 4
889 1591 10
1462 1592 6
679 1593 4
1152 1594 7
1321 1595 5
659 1596 5
735 1597 5
1049 1598 8
888 1599 10
1521 1600 7
466 1601 9
370 1602 10
1272 1603 2
1307 1604 5
997 1605 7
1213 1606 2
95 1607 4
585 1608 3
1430 1609 3
456 1610 2
778 1611 10
1015 1612 6
1186 1613 7
1369 1614 10
1142 1615 2
1173 1616 4
383 1617 2
42 1618 4
1197 1619 6
1534 1620 6
925 1621 10
831 1622 3
149 1623 5
213 1624 2
893 1625 6
235 1626 6
1277 1627 4
1035 1628 1
555 1629 6
258 1630 10
1387 1631 9
780 1632 9
1188 1633 7
345 1634 6
417 1635 6
258 1636 9
123 1637 1
1319 1638 10
1203 1639 7
604 1640 6
1355 1641 8
560 1642 1
859 1643 4
642 1644 5
31 1645 4
95 1646 7
1374 1647 7
1080 1648 5
240 1649 2
936 1650 10
709 1651 5
1480 1652 4
1374 1653 2
356 1654 2
484 1655 7
1267 1656 4
740 1657 10
606 1658 9
915 1659 9
1454 1660 1
1033 1661 7
1071 1662 8
184 1663 4
1493 1664 3
487 1665 7
1459 1666 6
511 1667 3
674 1668 8
52 1669 5
737 1670 5
1283 1671 10
885 1672 1
955 1673 5
625 1674 3
449 1675 3
475 1676 7
912 1677 4
1210 1678 9
889 1679 1
1038 1680 8
267 1681 4
500 1682 9
514 1683 5
1371 1684 3
1563 1685 10
207 1686 3
1031 1687 7
536 1688 2
89 1689 5
1116 1690 6
1078 1691 1
562 1692 1
1674 1693 8
1574 1694 4
550 1695 3
1326 1696 8
1356 1697 3
457 1698 5
1157 1699 7
1573 1700 9
146 1701 5
618 1702 8
964 1703 8
1086 1704 4
951 1705 5
889 1706 2
521 1707 3
1370 1708 10
1514 1709 4
969 1710 2
1046 1711 4
972 1712 3
1266 1713 7
1633 1714 7
295 1715 7
182 1716 10
91 1717 10
65 1718 6
1166 1719 8
178 1720 4
1172 1721 8
649 1722 8
608 1723 10
798 1724 4
1305 1725 2
795 1726 2
213 1727 3
455 1728 4
194 1729 4
1369 1730 4
50 1731 9
539 1732 4
838 1733 1
1071 1734 1
1176 1735 9
666 1736 10
1500 1737 2
410 1738 10
1219 1739 6
1287 1740 7
347 1741 9
628 1742 3
189 1743 3
1 1744 4
1464 1745 8
593 1746 7
1134 1747 1
435 1748 9
1711 1749 2
1644 1750 10
2 1751 5
924 1752 9
1473 1753 10
185 1754 1
311 1755 4
1063 1756 3
548 1757 7
1638 1758 5
1644 1759 2
973 1760 7
111 1761 7
397 1762 10
1707 1763 8
1416 1764 1
81 1765 10
338 1766 2
1710 1767 3
955 1768 4
1182 1769 2
1404 1770 10
1755 1771 6
1602 1772 7
688 1773 10
1243 1774 3
1472 1775 4
1032 1776 6
457 1777 9
1530 1778 1
1222 1779 6
1219 1780 8
507 1781 6
1355 1782 4
1764 1783 10
526 1784 2
1751 1785 6
1288 1786 8
1501 1787 9
115 1788 2
1660 1789 8
1567 1790 3
383 1791 8
835 1792 5
170 1793 6
419 1794 3
567 1795 9
1350 1796 9
750 1797 10
1633 1798 3
205 1799 1
1689 1800 2
1446 1801 9
953 1802 8
1141 1803 4
947 1804 6
1535 1805 8
1794 1806 5
1535 1807 9
377 1808 2
800 1809 7
944 1810 8
75 1811 5
1654 1812 10
888 1813 1
1513 1814 4
1410 1815 10
587 1816 9
430 1817 7
140 1818 6
1668 1819 8
1086 1820 4
1755 1821 3
1271 1822 1
153 1823 10
1663 1824 8
280 1825 7
1045 1826 2
921 1827 4
1447 1828 6
1395 1829 6
547 1830 8
1415 1831 10
700 1832 4
182 1833 4
125 1834 8
1117 1835 4
136 1836 7
550 1837 1
744 1838 9
442 1839 10
913 1840 7
1306 1841 3
1178 1842 8
758 1843 2
1802 1844 10
1634 1845 8
1257 1846 4
1173 1847 5
209 1848 4
22 1849 8
109 1850 1
1153 1851 6
1541 1852 9
1672 1853 8
999 1854 8
1325 1855 4
621 1856 7
770 1857 8
860 1858 4
1117 1859 3
402 1860 8
640 1861 2
1301 1862 8
1686 1863 1
845 1864 5
918 1865 6
447 1866 1
761 1867 8
695 1868 8
1117 1869 9
831 1870 5
1474 1871 5
726 1872 2
288 1873 9
1365 1874 2
667 1875 9
740 1876 2
1654 1877 3
1474 1878 7
635 1879 3
1690 1880 2
10 1881 10
164 1882 2
481 1883 4
1660 1884 5
166 1885 8
490 1886 10
1350 1887 2
1265 1888 5
1396 1889 7
495 1890 2
1805 1891 8
806 1892 7
1484 1893 3
896 1894 4
518 1895 8
1325 1896 7
866 1897 9
16 1898 8
1586 1899 10
568 1900 8
1557 1901 4
671 1902 3
219 1903 9
7 1904 9
657 1905 7
1352 1906 1
1762 1907 7
557 1908 7
1565 1909 6
1617 1910 8
1103 1911 7
451 1912 4
1727 1913 3
252 1914 8
322 1915 6
1732 1916 10
1761 1917 3
1882 1918 5
1473 1919 1
1531 1920 7
829 1921 7
732 1922 5
765 1923 8
556 1924 5
63 1925 3
98 1926 8
1831 1927 7
276 1928 3
1901 1929 2
11 1930 10
579 1931 9
1824 1932 7
1291 1933 3
367 1934 6
911 1935 10
1402 1936 1
968 1937 1
1761 1938 2
639 1939 10
1379 1940 1
342 1941 1
577 1942 2
1635 1943 1
300 1944 5
1168 1945 7
1921 1946 3
1061 1947 6
1812 1948 10
36 1949 4
1508 1950 2
1094 1951 6
1235 1952 1
71 1953 1
1787 1954 7
1298 1955 1
389 1956 1
715 1957 9
1587 1958 9
1003 1959 7
1647 1960 4
1336 1961 10
53 1962 10
279 1963 9
244 1964 5
1292 1965 5
511 1966 7
263 1967 10
404 1968 9
1343 1969 4
17 1970 10
376 1971 5
1620 1972 8
1357 1973 4
1026 1974 5
1727 1975 10
134 1976 8
1443 1977 6
655 1978 7
1644 1979 10
1204 1980 8
1574 1981 9
1108 1982 6
752 1983 5
1961 1984 8
952 1985 10
1298 1986 5
1495 1987 10
1471 1988 1
53 1989 7
1213 1990 7
228 1991 4
1812 1992 8
457 1993 3
1568 1994 5
606 1995 7
997 1996 7
1153 1997 7
889 1998 5
1438 1999 6
894 2000 1
1198 2001 1
895 2002 4
506 2003 7
1263 2004 7
1664 2005 9
1728 2006 3
1430 2007 9
742 2008 5
1301 2009 9
344 2010 6
1617 2011 4
874 2012 4
1640 2013 4
691 2014 3
202 2015 1
1766 2016 9
106 2017 1
1554 2018 5
1913 2019 7
1824 2020 4
138 2021 6
1140 2022 1
260 2023 3
1368 2024 8
1979 2025 9
1658 2026 1
30 2027 4
257 2028 4
1244 2029 3
927 2030 9
1234 2031 3
1746 2032 7
1091 2033 10
855 2034 4
1678 2035 4
504 2036 5
1695 2037 9
1521 2038 6
857 2039 4
1687 2040 5
1773 2041 5
258 2042 4
298 2043 1
1809 2044 9
1410 2045 7
1487 2046 9
1979 2047 5
34 2048 4
1950 2049 9
883 2050 2
432 2051 9
821 2052 2
1504 2053 3
93 2054 10
1327 2055 1
257 2056 1
1575 2057 2
1776 2058 7
60 2059 5
440 2060 9
903 2061 4
296 2062 3
1540 2063 5
1373 2064 4
1232 2065 6
1290 2066 9
617 2067 2
920 2068 4
499 2069 9
140 2070 3
1132 2071 9
581 2072 8
710 2073 10
297 2074 6
1454 2075 1
64 2076 8
316 2077 3
345 2078 3
811 2079 8
90 2080 4
1196 2081 2
743 2082 2
488 2083 5
841 2084 10
669 2085 7
1792 2086 6
1058 2087 6
983 2088 9
1457 2089 1
1083 2090 3
1123 2091 10
376 2092 8
1792 2093 4
1116 2094 2
6 2095 8
1166 2096 9
998 2097 10
102 2098 5
352 2099 4
630 2100 8
562 2101 7
1850 2102 9
660 2103 1
372 2104 10
1809 2105 5
1899 2106 6
22 2107 8
564 2108 7
1131 2109 7
1562 2110 4
837 2111 8
1451 2112 8
315 2113 1
1319 2114 10
1934 2115 9
289 2116 8
631 2117 6
938 2118 10
128 2119 7
1918 2120 1
2082 2121 7
871 2122 7
1218 2123 2
574 2124 4
237 2125 6
1075 2126 5
963 2127 1
1760 2128 9
1098 2129 7
1713 2130 1
2117 2131 8
1274 2132 3
1088 2133 6
397 2134 1
736 2135 6
1206 2136 5
1260 2137 8
889 2138 7
1026 2139 7
1669 2140 10
622 2141 4
363 2142 4
60 2143 9
1004 2144 9
1199 2145 3
235 2146 3
2094 2147 9
1409 2148 5
714 2149 10
223 2150 10
1505 2151 10
65 2152 9
714 2153 5
921 2154 1
499 2155 1
375 2156 4
1320 2157 5
1102 2158 10
821 2159 4
1838 2160 1
906 2161 9
926 2162 8
770 2163 9
1409 2164 5
736 2165 1
1054 2166 4
777 2167 10
330 2168 2
1892 2169 3
744 2170 9
1145 2171 3
794 2172 9
1155 2173 5
518 2174 3
298 2175 9
633 2176 4
2144 2177 7
2091 2178 9
1827 2179 6
1334 2180 4
1049 2181 9
1047 2182 1
1454 2183 3
441 2184 3
1523 2185 7
908 2186 9
1603 2187 7
1211 2188 7
775 2189 8
532 2190 8
599 2191 3
1996 2192 8
1319 2193 5
96 2194 5
603 2195 2
213 2196 1
1146 2197 6
1131 2198 9
1868 2199 6
171 2200 2
692 2201 6
496 2202 2
1474 2203 1
2203 2204 6
149 2205 10
1166 2206 9
16 2207 8
837 2208 2
1663 2209 5
1493 2210 7
896 2211 5
2163 2212 8
536 2213 1
869 2214 8
670 2215 1
1076 2216 9
297 2217 1
1552 2218 2
1140 2219 1
339 2220 4
30 2221 5
1237 2222 3
354 2223 9
185 2224 10
591 2225 1
641 2226 8
1415 2227 4
1466 2228 6
698 2229 3
1263 2230 9
73 2231 6
236 2232 3
748 2233 2
1159 2234 1
1182 2235 6
669 2236 1
1968 2237 5
711 2238 7
1221 2239 8
163 2240 7
360 2241 2
2071 2242 6
1098 2243 3
356 2244 9
937 2245 8
1710 2246 10
771 2247 10
2234 2248 3
424 2249 8
51 2250 5
2135 2251 7
1286 2252 6
1061 2253 10
1038 2254 8
1186 2255 1
2244 2256 7
994 2257 2
584 2258 9
1051 2259 8
602 2260 1
1775 2261 1
782 2262 10
2208 2263 4
1081 2264 3
741 2265 4
1533 2266 8
628 2267 5
2256 2268 5
1120 2269 9
1719 2270 3
1289 2271 7
2207 2272 3
1919 2273 6
1183 2274 5
1455 2275 4
1230 2276 9
930 2277 7
617 2278 4
1438 2279 1
32 2280 4
615 2281 5
814 2282 8
163 2283 8
374 2284 5
1562 2285 7
1789 2286 7
1660 2287 10
1115 2288 6
2171 2289 5
1808 2290 1
2119 2291 6
1883 2292 2
742 2293 1
571 2294 5
1026 2295 5
149 2296 8
311 2297 1
1071 2298 10
1806 2299 9
502 2300 6
1285 2301 4
1979 2302 10
96 2303 4
506 2304 4
1022 2305 6
2040 2306 6
1506 2307 8
1002 2308 7
1970 2309 6
243 2310 9
110 2311 4
941 2312 1
1218 2313 3
1612 2314 6
199 2315 7
976 2316 9
1924 2317 4
201 2318 7
379 2319 5
140 2320 8
2303 2321 5
1265 2322 8
1342 2323 5
125 2324 1
706 2325 9
822 2326 10
1932 2327 9
772 2328 10
867 2329 1
1388 2330 5
1439 2331 5
303 2332 10
1726 2333 4
1798 2334 10
850 2335 7
2192 2336 2
2271 2337 2
2268 2338 6
84 2339 7
784 2340 8
115 2341 7
232 2342 9
184 2343 8
1115 2344 10
470 2345 4
1700 2346 8
2058 2347 10
461 2348 9
813 2349 3
515 2350 2
1141 2351 6
1551 2352 3
646 2353 4
331 2354 7
524 2355 6
284 2356 7
1968 2357 2
912 2358 1
1823 2359 6
906 2360 10
1291 2361 5
825 2362 10
2056 2363 6
901 2364 8
896 2365 9
364 2366 1
1400 2367 4
991 2368 5
1874 2369 3
335 2370 1
1610 2371 7
1819 2372 3
2189 2373 5
835 2374 9
2030 2375 6
1464 2376 2
1162 2377 7
2040 2378 5
472 2379 2
422 2380 2
1820 2381 2
886 2382 6
362 2383 8
326 2384 5
318 2385 7
1745 2386 1
1132 2387 4
2059 2388 4
188 2389 1
2151 2390 4
566 2391 4
887 2392 7
723 2393 10
577 2394 4
2327 2395 6
1662 2396 1
535 2397 10
575 2398 4
236 2399 1
321 2400 1
418 2401 7
1743 2402 3
944 2403 1
2084 2404 1
1369 2405 1
2016 2406 6
1435 2407 3
1778 2408 7
2406 2409 6
1911 2410 4
953 2411 7
566 2412 9
140 2413 5
713 2414 7
1482 2415 4
330 2416 5
338 2417 5
2279 2418 3
17 2419 6
2135 2420 5
1658 2421 1
2103 2422 4
1969 2423 5
968 2424 8
1342 2425 2
2394 2426 2
834 2427 9
1547 2428 9
1666 2429 8
1933 2430 3
1694 2431 9
117 2432 5
813 2433 7
1661 2434 7
386 2435 5
1498 2436 1
1829 2437 4
120 2438 2
156 2439 8
2208 2440 1
261 2441 4
2099 2442 2
95 2443 5
262 2444 10
925 2445 10
77 2446 8
588 2447 10
941 2448 2
2088 2449 1
511 2450 1
1525 2451 2
716 2452 2
805 2453 9
163 2454 6
307 2455 5
1401 2456 9
2317 2457 9
102 2458 5
1043 2459 3
690 2460 9
2114 2461 9
2002 2462 1
1720 2463 10
470 2464 7
310 2465 1
1537 2466 9
1318 2467 9
1902 2468 8
1392 2469 6
126 2470 6
972 2471 10
453 2472 2
2090 2473 8
2452 2474 2
1872 2475 3
551 2476 5
233 2477 8
383 2478 2
2391 2479 10
404 2480 1
80 2481 6
825 2482 3
1527 2483 2
1687 2484 6
1131 2485 6
2281 2486 10
1073 2487 8
387 2488 2
1462 2489 9
2362 2490 9
174 2491 6
723 2492 6
2345 2493 10
873 2494 2
56 2495 9
1024 2496 1
2049 2497 4
1470 2498 3
683 2499 9
655 2500 5
467 2501 10
875 2502 1
695 2503 7
1525 2504 4
570 2505 10
568 2506 1
1403 2507 8
1829 2508 9
1179 2509 7
72 2510 10
1096 2511 3
990 2512 4
1052 2513 8
580 2514 4
986 2515 5
1183 2516 4
1478 2517 4
1313 2518 2
2484 2519 1
310 2520 9
832 2521 10
1710 2522 8
879 2523 9
54 2524 7
189 2525 8
137 2526 2
302 2527 9
1911 2528 10
888 2529 2
2324 2530 5
2416 2531 5
1903 2532 9
2210 2533 5
1817 2534 1
2225 2535 10
1975 2536 10
133 2537 10
359 2538 9
1058 2539 6
1919 2540 5
1395 2541 5
1777 2542 7
2531 2543 5
228 2544 2
1234 2545 4
674 2546 2
472 2547 9
1050 2548 7
609 2549 4
178 2550 3
1603 2551 9
1259 2552 5
518 2553 2
328 2554 10
123 2555 2
1836 2556 2
56 2557 3
346 2558 1
1107 2559 7
643 2560 3
430 2561 4
2239 2562 10
550 2563 7
1556 2564 8
133 2565 3
407 2566 7
357 2567 5
1592 2568 3
1008 2569 4
57 2570 3
135 2571 7
2094 2572 3
2033 2573 5
2105 2574 8
491 2575 8
902 2576 2
1506 2577 7
1932 2578 5
969 2579 9
552 2580 7
803 2581 6
748 2582 6
1227 2583 7
5 2584 8
358 2585 9
1032 2586 7
1641 2587 5
947 2588 5
1327 2589 3
1355 2590 1
1002 2591 3
192 2592 3
2311 2593 7
385 2594 6
1515 2595 6
194 2596 10
95 2597 9
1268 2598 5
1583 2599 2
757 2600 7
2132 2601 4
2279 2602 6
51 2603 5
874 2604 1
1189 2605 4
659 2606 10
1516 2607 10
2435 2608 9
2340 2609 4
1136 2610 5
959 2611 9
723 2612 3
156 2613 10
295 2614 2
761 2615 2
1545 2616 2
2105 2617 4
2250 2618 7
630 2619 10
2608 2620 8
1753 2621 3
1237 2622 1
2270 2623 2
692 2624 1
593 2625 4
2545 2626 7
2544 2627 10
7 2628 1
1201 2629 6
1191 2630 1
2217 2631 4
1111 2632 6
2022 2633 2
2440 2634 9
842 2635 3
2214 2636 8
909 2637 6
1029 2638 10
827 2639 10
1132 2640 7
2283 2641 7
33 2642 7
299 2643 3
695 2644 5
867 2645 3
1356 2646 7
1331 2647 1
1326 2648 8
2481 2649 6
232 2650 8
280 2651 6
434 2652 7
2233 2653 5
1412 2654 3
1894 2655 8
1429 2656 9
2291 2657 1
1345 2658 1
502 2659 3
1535 2660 4
1366 2661 4
1873 2662 4
1603 2663 6
169 2664 9
657 2665 10
696 2666 2
1558 2667 10
1815 2668 10
2082 2669 6
1830 2670 10
2625 2671 1
2192 2672 1
1982 2673 4
1763 2674 9
34 2675 10
49 2676 3
371 2677 5
1067 2678 9
1774 2679 10
116 2680 6
1192 2681 4
153 2682 9
1308 2683 7
2403 2684 9
1580 2685 10
2080 2686 1
427 2687 7
220 2688 6
1700 2689 4
2104 2690 10
1355 2691 9
2219 2692 9
259 2693 2
780 2694 7
1875 2695 8
2662 2696 4
280 2697 1
2540 2698 7
2586 2699 10
2323 2700 3
1831 2701 7
2267 2702 3
1169 2703 4
2054 2704 7
2039 2705 3
1216 2706 3
135 2707 9
2179 2708 8
1778 2709 2
1194 2710 7
350 2711 7
1410 2712 1
420 2713 4
1088 2714 9
305 2715 5
1851 2716 5
1865 2717 6
2478 2718 6
1347 2719 9
709 2720 9
1244 2721 7
671 2722 6
917 2723 5
2539 2724 1
351 2725 8
2167 2726 8
427 2727 6
474 2728 4
361 2729 8
1625 2730 5
1002 2731 4
1644 2732 3
2611 2733 1
1255 2734 1
47 2735 1
486 2736 4
17 2737 5
1995 2738 7
1442 2739 4
89 2740 8
322 2741 3
1058 2742 8
2103 2743 6
2265 2744 1
787 2745 6
101 2746 4
1237 2747 7
1135 2748 4
183 2749 7
386 2750 9
1747 2751 9
1812 2752 7
451 2753 6
490 2754 4
1845 2755 10
2288 2756 2
499 2757 9
2478 2758 5
1346 2759 5
2678 2760 6
602 2761 2
890 2762 5
2356 2763 9
1910 2764 8
610 2765 3
919 2766 4
2275 2767 3
2073 2768 6
954 2769 6
2432 2770 10
2695 2771 2
1400 2772 1
1898 2773 4
1702 2774 6
1747 2775 2
746 2776 2
2143 2777 2
1242 2778 5
1457 2779 5
1772 2780 6
480 2781 4
593 2782 2
450 2783 1
1612 2784 7
1216 2785 6
1382 2786 3
41 2787 10
1868 2788 10
203 2789 10
1934 2790 5
2753 2791 6
84 2792 7
899 2793 8
2624 2794 9
2339 2795 9
2466 2796 2
2214 2797 7
1743 2798 10
815 2799 2
1138 2800 5
399 2801 4
751 2802 7
673 2803 1
733 2804 8
4 2805 3
899 2806 6
498 2807 4
1269 2808 8
936 2809 7
733 2810 6
1595 2811 4
1107 2812 9
2118 2813 3
2289 2814 1
2098 2815 5
275 2816 4
1105 2817 3
944 2818 1
93 2819 8
532 2820 9
670 2821 6
1044 2822 9
437 2823 8
1409 2824 4
1857 2825 6
521 2826 1
816 2827 9
1814 2828 3
996 2829 8
363 2830 9
993 2831 9
1777 2832 1
719 2833 2
2614 2834 8
2055 2835 5
2748 2836 10
144 2837 3
2024 2838 2
627 2839 8
2176 2840 7
973 2841 8
273 2842 4
1437 2843 10
1423 2844 2
567 2845 1
1172 2846 9
2024 2847 4
2796 2848 2
1990 2849 6
651 2850 10
152 2851 8
27 2852 3
2581 2853 1
1692 2854 3
1672 2855 3
746 2856 5
423 2857 9
2547 2858 1
1616 2859 6
2237 2860 7
2669 2861 7
1138 2862 8
197 2863 10
26 2864 10
895 2865 2
2129 2866 6
1615 2867 2
257 2868 1
2155 2869 5
439 2870 2
898 2871 5
1904 2872 2
1608 2873 6
578 2874 5
1411 2875 7
541 2876 1
2379 2877 10
1239 2878 5
1003 2879 1
654 2880 5
442 2881 7
2360 2882 2
1916 2883 1
1717 2884 2
2385 2885 9
79 2886 4
320 2887 1
2369 2888 1
228 2889 8
2355 2890 3
626 2891 10
906 2892 9
549 2893 5
2443 2894 7
2495 2895 1
1431 2896 8
9 2897 2
2801 2898 6
278 2899 5
1282 2900 8
676 2901 3
762 2902 3
2543 2903 8
1450 2904 3
414 2905 1
977 2906 3
576 2907 9
114 2908 8
889 2909 8
1688 2910 9
1548 2911 8
572 2912 6
829 2913 9
639 2914 2
2623 2915 10
417 2916 2
1772 2917 3
191 2918 9
678 2919 8
1084 2920 9
2391 2921 9
2383 2922 10
1675 2923 4
2664 2924 4
2585 2925 7
274 2926 10
707 2927 2
2893 2928 5
1952 2929 10
186 2930 6
2611 2931 8
2921 2932 5
634 2933 3
157 2934 5
1295 2935 5
2464 2936 5
2065 2937 5
2197 2938 3
2614 2939 5
1848 2940 1
572 2941 10
1291 2942 6
1183 2943 9
1440 2944 4
646 2945 8
2779 2946 10
941 2947 10
2035 2948 10
1217 2949 8
1074 2950 7
1824 2951 8
1690 2952 8
168 2953 6
2919 2954 3
1473 2955 6
873 2956 4
1263 2957 5
1086 2958 9
897 2959 10
1345 2960 4
2780 2961 3
1213 2962 6
274 2963 9
713 2964 6
2238 2965 10
2634 2966 2
1587 2967 6
1508 2968 2
1192 2969 1
186 2970 4
899 2971 9
1396 2972 5
77 2973 7
2424 2974 1
1058 2975 7
2409 2976 7
2765 2977 8
314 2978 5
1998 2979 10
323 2980 6
131 2981 6
295 2982 9
55 2983 7
1697 2984 2
2256 2985 5
1337 2986 6
2457 2987 5
1938 2988 1
275 2989 7
2889 2990 1
146 2991 6
528 2992 6
2332 2993 3
1320 2994 3
2522 2995 2
1328 2996 4
3 2997 6
1713 2998 7
1721 2999 5
377 3000 2
1920 3001 7
868 3002 6
2520 3003 10
2882 3004 4
101 3005 9
1036 3006 2
2941 3007 7
1363 3008 10
1523 3009 9
1395 3010 5
1950 3011 2
1502 3012 6
2023 3013 2
1580 3014 3
2288 3015 2
169 3016 7
1295 3017 2
318 3018 2
2662 3019 3
179 3020 2
3011 3021 3
2402 3022 7
2143 3023 3
2883 3024 9
181 3025 4
513 3026 10
2997 3027 1
907 3028 5
1572 3029 1
1160 3030 1
332 3031 1
1436 3032 2
925 3033 2
1137 3034 10
436 3035 10
2781 3036 6
852 3037 5
1961 3038 2
1387 3039 4
2938 3040 8
487 3041 3
2832 3042 3
2003 3043 8
1715 3044 10
2370 3045 5
1025 3046 9
497 3047 9
1632 3048 3
2046 3049 5
1181 3050 5
1176 3051 4
45 3052 9
2404 3053 9
1650 3054 5
1914 3055 2
2349 3056 1
550 3057 4
1368 3058 10
135 3059 2
2770 3060 8
2748 3061 8
2229 3062 7
1835 3063 1
875 3064 8
1517 3065 3
680 3066 3
842 3067 9
2334 3068 6
1045 3069 3
1568 3070 8
2484 3071 5
889 3072 9
2002 3073 3
500 3074 9
602 3075 8
796 3076 4
1623 3077 4
2932 3078 5
278 3079 8
1082 3080 3
1452 3081 9
1825 3082 10
2189 3083 9
2150 3084 5
2739 3085 4
977 3086 6
2662 3087 2
727 3088 7
2862 3089 5
1791 3090 1
1482 3091 3
2220 3092 1
852 3093 3
223 3094 4
1673 3095 1
3063 3096 4
2213 3097 6
813 3098 9
1016 3099 7
1466 3100 9
412 3101 7
665 3102 1
1500 3103 2
106 3104 5
2456 3105 4
1975 3106 10
1750 3107 1
3073 3108 4
3101 3109 6
370 3110 7
1759 3111 6
1216 3112 9
1411 3113 5
1069 3114 6
1778 3115 2
384 3116 7
136 3117 10
1592 3118 7
2299 3119 7
2506 3120 8
280 3121 8
2177 3122 8
2606 3123 8
1248 3124 10
1574 3125 1
2137 3126 4
1186 3127 9
1465 3128 10
565 3129 3
2188 3130 10
1615 3131 3
3010 3132 2
3032 3133 4
2449 3134 6
2834 3135 9
883 3136 3
1184 3137 2
3115 3138 3
2833 3139 2
1850 3140 6
614 3141 3
1549 3142 1
1719 3143 5
1128 3144 9
209 3145 9
2014 3146 3
1427 3147 5
2363 3148 6
2934 3149 3
276 3150 1
583 3151 5
2094 3152 9
140 3153 7
1647 3154 7
992 3155 9
634 3156 4
963 3157 7
239 3158 5
1399 3159 8
2057 3160 1
1158 3161 2
2189 3162 10
104 3163 8
2539 3164 7
2058 3165 7
2629 3166 4
2203 3167 3
2790 3168 9
1905 3169 7
469 3170 9
1797 3171 2
1012 3172 10
578 3173 9
2301 3174 10
1784 3175 9
2383 3176 7
2060 3177 6
2991 3178 9
3155 3179 4
998 3180 6
890 3181 3
1986 3182 3
860 3183 3
786 3184 6
2553 3185 9
2296 3186 7
2832 3187 9
62 3188 10
2712 3189 2
2496 3190 7
950 3191 1
2274 3192 4
688 3193 1
2443 3194 2
2217 3195 9
2037 3196 6
1009 3197 8
1069 3198 10
1066 3199 2
641 3200 2
42 3201 3
2243 3202 4
2582 3203 6
1421 3204 1
3195 3205 3
1187 3206 8
1954 3207 2
993 3208 3
2431 3209 3
2083 3210 9
2771 3211 3
1940 3212 3
1754 3213 6
2237 3214 3
87 3215 2
1831 3216 1
1788 3217 6
2848 3218 7
1107 3219 6
2076 3220 9
1890 3221 8
1297 3222 5
2109 3223 9
1064 3224 1
3063 3225 4
1776 3226 5
1106 3227 7
1038 3228 2
3054 3229 3
2332 3230 10
1096 3231 2
2164 3232 2
577 3233 7
35 3234 9
128 3235 7
2014 3236 4
188 3237 6
618 3238 4
932 3239 7
1899 3240 10
90 3241 7
762 3242 10
1595 3243 5
2750 3244 6
3021 3245 6
743 3246 5
975 3247 9
587 3248 5
1304 3249 5
108 3250 1
1333 3251 3
1200 3252 8
1459 3253 4
1147 3254 6
1506 3255 8
3096 3256 2
1604 3257 1
709 3258 9
173 3259 3
1829 3260 6
1018 3261 3
2538 3262 7
2390 3263 9
2062 3264 1
2385 3265 6
2531 3266 8
2544 3267 7
1247 3268 10
3180 3269 8
2912 3270 1
3177 3271 3
184 3272 3
3089 3273 4
371 3274 4
2406 3275 6
2984 3276 6
1999 3277 2
934 3278 4
1584 3279 2
1000 3280 4
1269 3281 6
2412 3282 9
3242 3283 10
2158 3284 5
2925 3285 5
2868 3286 4
925 3287 9
2684 3288 4
1111 3289 8
407 3290 2
1365 3291 7
2584 3292 5
892 3293 8
914 3294 1
2568 3295 3
3126 3296 10
2585 3297 9
741 3298 4
20 3299 8
1704 3300 6
2684 3301 8
1518 3302 3
1100 3303 8
1793 3304 4
1737 3305 6
246 3306 2
2526 3307 2
587 3308 3
3216 3309 8
961 3310 3
3112 3311 10
1124 3312 4
242 3313 4
87 3314 7
49 3315 10
1533 3316 6
841 3317 3
1032 3318 6
2197 3319 9
2599 3320 7
2614 3321 7
874 3322 9
50 3323 10
197 3324 9
1111 3325 7
1191 3326 10
2055 3327 5
1084 3328 6
3208 3329 5
643 3330 2
584 3331 7
1518 3332 2
2935 3333 1
22 3334 3
965 3335 10
987 3336 5
404 3337 3
3241 3338 4
2638 3339 6
1543 3340 10
1854 3341 7
74 3342 2
1517 3343 7
1657 3344 2
819 3345 4
2980 3346 4
2454 3347 5
947 3348 2
2197 3349 7
2804 3350 4
2987 3351 8
1453 3352 2
3150 3353 2
2511 3354 4
1681 3355 1
738 3356 3
2133 3357 4
758 3358 1
2940 3359 3
1116 3360 2
1678 3361 6
2551 3362 7
760 3363 3
1117 3364 7
1556 3365 7
1930 3366 6
1860 3367 9
1815 3368 7
1224 3369 8
1614 3370 3
3270 3371 5
953 3372 8
3126 3373 2
3207 3374 2
511 3375 9
228 3376 4
612 3377 10
1215 3378 7
824 3379 5
716 3380 1
3361 3381 4
2479 3382 8
2480 3383 9
815 3384 8
1824 3385 6
2085 3386 5
482 3387 6
2802 3388 1
259 3389 1
710 3390 5
341 3391 5
865 3392 6
2366 3393 3
1851 3394 7
2793 3395 7
2245 3396 9
44 3397 9
2079 3398 8
2777 3399 1
265 3400 2
1988 3401 4
824 3402 9
269 3403 1
2538 3404 9
911 3405 3
2091 3406 1
497 3407 6
905 3408 4
1542 3409 2
1682 3410 4
970 3411 2
2576 3412 3
2552 3413 9
3168 3414 7
889 3415 4
1290 3416 9
119 3417 8
3084 3418 9
826 3419 8
931 3420 1
1651 3421 5
2546 3422 9
2326 3423 1
740 3424 9
1612 3425 5
1677 3426 3
3058 3427 5
1007 3428 7
2649 3429 7
2029 3430 5
2560 3431 3
3064 3432 9
894 3433 4
2405 3434 1
2077 3435 8
3106 3436 5
1066 3437 4
1121 3438 3
912 3439 10
1192 3440 9
2964 3441 4
2678 3442 1
1338 3443 9
1054 3444 6
973 3445 2
2403 3446 7
3176 3447 7
2067 3448 9
2990 3449 5
386 3450 7
325 3451 2
1512 3452 8
3359 3453 8
1195 3454 2
1001 3455 7
2317 3456 2
1727 3457 4
3218 3458 2
968 3459 1
2771 3460 1
1304 3461 10
2969 3462 1
1426 3463 5
1660 3464 2
1559 3465 7
3190 3466 5
548 3467 2
2858 3468 4
756 3469 9
1131 3470 8
2105 3471 8
72 3472 7
171 3473 3
2203 3474 7
381 3475 8
3222 3476 8
421 3477 5
1059 3478 8
3293 3479 8
629 3480 1
3037 3481 10
1424 3482 6
2778 3483 2
715 3484 5
980 3485 6
2652 3486 8
2054 3487 1
2085 3488 8
538 3489 7
1464 3490 8
1504 3491 2
3254 3492 4
4 3493 5
2586 3494 8
2605 3495 4
1234 3496 1
2955 3497 6
1566 3498 8
2047 3499 7
721 3500 10
2005 3501 4
1389 3502 10
3250 3503 3
708 3504 9
2671 3505 3
3337 3506 4
1540 3507 4
1000 3508 2
3482 3509 2
581 3510 4
1367 3511 9
684 3512 1
1682 3513 2
23 3514 10
780 3515 2
3181 3516 4
3013 3517 8
3505 3518 1
1172 3519 2
584 3520 3
214 3521 9
702 3522 9
3054 3523 7
3383 3524 4
1866 3525 1
2664 3526 4
789 3527 5
1800 3528 5
862 3529 4
692 3530 7
2476 3531 7
2193 3532 2
3190 3533 3
721 3534 7
1438 3535 5
114 3536 9
2577 3537 7
315 3538 9
1075 3539 9
2943 3540 2
3321 3541 2
1756 3542 2
1414 3543 10
1476 3544 5
3444 3545 1
1857 3546 3
2797 3547 4
2243 3548 2
362 3549 10
1669 3550 2
2316 3551 9
2591 3552 10
2049 3553 9
2920 3554 9
2006 3555 3
2120 3556 8
2601 3557 6
406 3558 4
3044 3559 4
917 3560 3
1347 3561 4
1596 3562 3
3309 3563 10
832 3564 4
1967 3565 7
1895 3566 6
2901 3567 7
1764 3568 2
907 3569 5
1270 3570 2
1938 3571 4
2613 3572 4
3291 3573 2
1482 3574 6
1692 3575 1
1695 3576 2
2784 3577 6
732 3578 2
2720 3579 2
2199 3580 8
548 3581 2
302 3582 5
604 3583 9
2930 3584 5
2953 3585 1
3428 3586 2
3428 3587 9
863 3588 3
2497 3589 6
988 3590 8
2026 3591 2
318 3592 2
2397 3593 6
1300 3594 4
2166 3595 2
3317 3596 9
1230 3597 5
2816 3598 3
3543 3599 2
1627 3600 7
3185 3601 7
3041 3602 8
659 3603 5
1589 3604 7
288 3605 2
1314 3606 10
197 3607 4
2195 3608 1
448 3609 7
1166 3610 3
689 3611 8
1128 3612 4
3388 3613 6
207 3614 8
3253 3615 7
2116 3616 3
707 3617 6
244 3618 9
843 3619 4
1841 3620 4
927 3621 9
2272 3622 1
3217 3623 5
2092 3624 8
3502 3625 10
2327 3626 2
1457 3627 2
1711 3628 2
13 3629 4
921 3630 10
2880 3631 6
1429 3632 4
1608 3633 6
3370 3634 6
1958 3635 8
2596 3636 10
2508 3637 6
193 3638 4
1910 3639 6
2752 3640 5
2585 3641 4
1170 3642 3
2296 3643 4
2878 3644 6
2482 3645 4
3525 3646 9
1917 3647 1
1013 3648 4
476 3649 5
3495 3650 9
3122 3651 10
2753 3652 1
969 3653 3
1245 3654 6
3634 3655 9
1176 3656 6
2755 3657 8
2439 3658 10
1376 3659 3
2801 3660 1
2868 3661 2
1210 3662 8
3116 3663 1
3003 3664 9
3045 3665 10
3500 3666 10
3269 3667 10
2464 3668 7
1734 3669 7
1246 3670 3
415 3671 7
1208 3672 9
220 3673 7
105 3674 9
2837 3675 5
586 3676 6
1616 3677 10
2219 3678 1
2396 3679 6
2181 3680 9
1498 3681 2
8 3682 10
1335 3683 10
270 3684 6
794 3685 1
1770 3686 3
3047 3687 9
3514 3688 4
1589 3689 1
2734 3690 5
1667 3691 3
1800 3692 6
3458 3693 7
3499 3694 6
998 3695 8
551 3696 1
3292 3697 5
1308 3698 2
2971 3699 9
3247 3700 4
2661 3701 9
3525 3702 9
2038 3703 1
850 3704 6
1721 3705 4
1488 3706 1
485 3707 4
1192 3708 2
2820 3709 3
1887 3710 8
2790 3711 4
1192 3712 1
2029 3713 2
766 3714 9
2032 3715 2
2687 3716 2
1712 3717 2
2753 3718 1
2488 3719 4
1542 3720 6
2797 3721 9
2979 3722 5
3172 3723 3
553 3724 8
409 3725 7
2860 3726 6
1595 3727 4
14 3728 5
2196 3729 1
496 3730 7
394 3731 6
3217 3732 5
3587 3733 2
2537 3734 10
2639 3735 2
867 3736 4
3258 3737 4
68 3738 5
2450 3739 8
2276 3740 2
495 3741 8
2078 3742 7
904 3743 6
2847 3744 9
1098 3745 5
2727 3746 1
1784 3747 7
568 3748 1
1523 3749 10
579 3750 5
3703 3751 9
2284 3752 6
2856 3753 8
27 3754 10
595 3755 4
3511 3756 1
2078 3757 10
3019 3758 5
477 3759 1
92 3760 2
2827 3761 1
204 3762 9
794 3763 9
1621 3764 8
1986 3765 10
3532 3766 5
2030 3767 10
683 3768 2
1709 3769 2
2150 3770 5
3696 3771 1
3078 3772 7
249 3773 4
3157 3774 7
1071 3775 5
1131 3776 3
1159 3777 4
777 3778 4
268 3779 1
2764 3780 2
893 3781 7
503 3782 10
3026 3783 7
3757 3784 6
499 3785 3
1940 3786 4
2816 3787 7
3052 3788 6
2093 3789 4
3720 3790 9
360 3791 4
2835 3792 6
88 3793 6
605 3794 1
2518 3795 6
3114 3796 10
1604 3797 1
2719 3798 1
3696 3799 4
2595 3800 8
1617 3801 8
3042 3802 2
1158 3803 6
676 3804 8
3355 3805 10
3611 3806 10
268 3807 1
530 3808 3
798 3809 10
2305 3810 5
3326 3811 9
190 3812 7
405 3813 6
1788 3814 8
3567 3815 5
2180 3816 7
3192 3817 7
2272 3818 10
1856 3819 6
2201 3820 2
858 3821 5
1311 3822 3
3327 3823 10
1081 3824 2
2195 3825 9
3668 3826 4
1721 3827 2
3261 3828 8
3769 3829 2
2720 3830 10
3128 3831 10
3669 3832 2
3322 3833 6
2827 3834 10
1439 3835 7
2458 3836 10
1981 3837 6
1921 3838 7
1275 3839 8
2415 3840 5
2189 3841 8
3513 3842 7
3591 3843 5
3007 3844 10
2990 3845 1
1311 3846 7
3140 3847 8
2068 3848 9
63 3849 10
1068 3850 8
99 3851 5
1671 3852 1
1110 3853 3
894 3854 8
3808 3855 9
3342 3856 10
944 3857 4
2288 3858 7
2214 3859 4
1056 3860 7
736 3861 8
2351 3862 9
1973 3863 3
3353 3864 4
1439 3865 9
123 3866 3
2671 3867 1
1813 3868 6
2075 3869 4
183 3870 5
103 3871 7
3771 3872 8
2338 3873 4
3067 3874 10
3350 3875 3
793 3876 5
1858 3877 3
1659 3878 9
704 3879 3
454 3880 2
2243 3881 6
221 3882 8
3756 3883 2
3813 3884 1
2518 3885 8
2222 3886 10
472 3887 2
3306 3888 3
1656 3889 5
3008 3890 5
929 3891 4
12 3892 1
484 3893 6
3830 3894 5
990 3895 4
1668 3896 3
3851 3897 5
3077 3898 8
2447 3899 6
3024 3900 4
2813 3901 4
1841 3902 6
242 3903 3
3219 3904 3
435 3905 4
2459 3906 8
839 3907 9
1708 3908 7
1417 3909 10
3150 3910 4
3753 3911 1
2800 3912 3
1275 3913 9
1100 3914 3
1303 3915 10
2436 3916 9
1023 3917 10
411 3918 2
1613 3919 7
3504 3920 3
382 3921 2
2180 3922 1
537 3923 1
3318 3924 7
1474 3925 1
727 3926 2
841 3927 10
1416 3928 8
524 3929 8
1833 3930 6
1899 3931 8
485 3932 3
1419 3933 3
3933 3934 3
1383 3935 2
2573 3936 2
118 3937 9
1922 3938 8
2358 3939 2
3278 3940 1
795 3941 7
1712 3942 7
3116 3943 10
3639 3944 6
3649 3945 8
3023 3946 7
3883 3947 9
3619 3948 5
1227 3949 8
1776 3950 1
3769 3951 7
3588 3952 4
2561 3953 6
3272 3954 8
516 3955 8
2759 3956 2
929 3957 5
1625 3958 2
1740 3959 6
3678 3960 5
1355 3961 4
2663 3962 1
1512 3963 4
83 3964 3
113 3965 4
2188 3966 2
3782 3967 5
959 3968 1
3737 3969 10
1798 3970 10
2439 3971 8
2973 3972 5
2264 3973 2
3799 3974 8
1877 3975 9
3749 3976 3
512 3977 4
381 3978 4
90 3979 10
3518 3980 2
1795 3981 10
1511 3982 9
319 3983 2
2020 3984 7
3913 3985 8
833 3986 1
2250 3987 10
2159 3988 1
3687 3989 6
3385 3990 4
2564 3991 3
3095 3992 8
2409 3993 3
3597 3994 10
2948 3995 8
3901 3996 8
1765 3997 6
3776 3998 5
2019 3999 8
637 4000 1
2638 4001 8
2949 4002 5
2509 4003 8
1077 4004 4
2403 4005 9
1527 4006 1
3021 4007 4
2001 4008 1
3476 4009 10
1611 4010 1
1639 4011 3
1627 4012 7
2300 4013 8
1984 4014 6
2338 4015 4
3016 4016 5
526 4017 8
3364 4018 2
2262 4019 7
2719 4020 2
197 4021 3
2083 4022 10
639 4023 3
1201 4024 6
1714 4025 4
2977 4026 2
418 4027 7
522 4028 3
2660 4029 4
3594 4030 3
3369 4031 5
2647 4032 2
2480 4033 7
1376 4034 9
2066 4035 2
3248 4036 4
2475 4037 6
3176 4038 3
407 4039 5
3977 4040 4
3750 4041 6
3210 4042 5
1180 4043 8
1926 4044 10
2999 4045 10
3674 4046 1
1036 4047 1
3178 4048 7
1275 4049 8
708 4050 6
3679 4051 10
676 4052 5
409 4053 2
1615 4054 7
3304 4055 9
3561 4056 9
24 4057 8
3702 4058 8
2325 4059 3
2338 4060 9
552 4061 2
3513 4062 7
2408 4063 3
4000 4064 3
1440 4065 1
703 4066 1
1954 4067 7
461 4068 6
2007 4069 6
2113 4070 10
294 4071 5
1513 4072 9
2114 4073 3
1188 4074 8
1244 4075 4
2056 4076 9
4048 4077 6
2086 4078 9
2865 4079 1
2101 4080 10
421 4081 1
2577 4082 2
3877 4083 9
734 4084 9
2012 4085 3
1556 4086 1
1393 4087 9
493 4088 10
253 4089 5
3470 4090 8
420 4091 6
1341 4092 7
82 4093 4
3885 4094 2
2610 4095 10
2201 4096 6
3810 4097 5
3393 4098 1
1697 4099 7
712 4100 10
1342 4101 1
2124 4102 10
653 4103 10
3092 4104 2
1796 4105 8
921 4106 6
3280 4107 9
2820 4108 7
3032 4109 1
1588 4110 9
1731 4111 10
2886 4112 2
4100 4113 4
2845 4114 8
3001 4115 7
3194 4116 4
509 4117 10
1687 4118 10
2032 4119 4
1797 4120 5
2574 4121 3
2174 4122 7
4070 4123 4
3025 4124 7
3824 4125 2
3471 4126 6
1503 4127 1
1105 4128 7
3705 4129 3
3510 4130 9
3439 4131 7
3895 4132 8
2150 4133 8
646 4134 7
1422 4135 1
1957 4136 7
173 4137 1
3000 4138 8
1922 4139 1
1052 4140 10
3432 4141 10
3197 4142 4
826 4143 4
1906 4144 8
2605 4145 10
2633 4146 9
2078 4147 3
3593 4148 1
2075 4149 6
29 4150 6
576 4151 1
3681 4152 1
2717 4153 10
2688 4154 9
1548 4155 2
1540 4156 3
1511 4157 6
3547 4158 5
280 4159 10
3967 4160 10
2509 4161 2
1182 4162 4
3284 4163 6
3937 4164 6
669 4165 5
1701 4166 9
1793 4167 6
1139 4168 8
1991 4169 8
2572 4170 4
872 4171 7
928 4172 4
3154 4173 4
2526 4174 5
2425 4175 4
1571 4176 1
3917 4177 6
1537 4178 8
653 4179 1
1047 4180 3
176 4181 6
2165 4182 2
1092 4183 3
3866 4184 8
2959 4185 8
1819 4186 4
642 4187 1
3594 4188 10
3654 4189 9
2220 4190 8
872 4191 2
2501 4192 8
4019 4193 5
4127 4194 9
3090 4195 2
3073 4196 3
1734 4197 8
1860 4198 3
956 4199 7
2989 4200 2
1884 4201 5
898 4202 10
176 4203 6
1311 4204 1
2534 4205 4
2234 4206 9
3055 4207 10
767 4208 3
571 4209 2
3457 4210 4
2044 4211 8
1222 4212 3
3577 4213 3
170 4214 6
743 4215 6
3203 4216 3
4067 4217 6
1225 4218 8
171 4219 2
2567 4220 6
2657 4221 8
1791 4222 4
516 4223 1
1977 4224 4
3321 4225 3
1659 4226 8
366 4227 6
1198 4228 8
1066 4229 6
1626 4230 7
1051 4231 2
2664 4232 1
3786 4233 4
2437 4234 10
1247 4235 8
2283 4236 3
3583 4237 3
734 4238 4
870 4239 8
2432 4240 10
1442 4241 9
3370 4242 3
92 4243 8
2251 4244 4
3263 4245 4
2835 4246 3
1084 4247 2
2632 4248 5
3295 4249 5
575 4250 1
2392 4251 3
3102 4252 9
3356 4253 5
704 4254 3
1804 4255 5
2747 4256 7
573 4257 8
2573 4258 9
1431 4259 2
125 4260 9
1495 4261 3
3003 4262 2
2126 4263 8
379 4264 10
3311 4265 4
3042 4266 6
3466 4267 8
1284 4268 5
506 4269 2
4020 4270 7
2798 4271 8
1687 4272 2
1347 4273 3
1754 4274 3
1320 4275 1
2851 4276 1
1861 4277 4
1695 4278 8
4171 4279 2
3908 4280 5
2565 4281 10
689 4282 2
2312 4283 8
3907 4284 1
2285 4285 5
3848 4286 6
2343 4287 10
4092 4288 3
3841 4289 9
2094 4290 8
3042 4291 8
359 4292 6
1787 4293 2
891 4294 4
439 4295 2
1033 4296 9
24 4297 10
2063 4298 1
504 4299 10
460 4300 8
2917 4301 8
2267 4302 3
4010 4303 5
1448 4304 4
1045 4305 2
2043 4306 4
1944 4307 3
579 4308 2
726 4309 7
4164 4310 8
4188 4311 5
1476 4312 3
900 4313 7
687 4314 1
1221 4315 4
1584 4316 7
1495 4317 4
2567 4318 2
1038 4319 5
2470 4320 10
1177 4321 2
3184 4322 8
606 4323 7
1787 4324 9
631 4325 6
3846 4326 2
650 4327 1
2754 4328 3
2347 4329 7
4236 4330 9
2762 4331 4
2606 4332 5
2927 4333 3
978 4334 6
1106 4335 7
332 4336 6
836 4337 4
156 4338 1
956 4339 5
1842 4340 4
3140 4341 6
4205 4342 1
4218 4343 4
882 4344 6
4272 4345 3
1485 4346 4
1364 4347 1
618 4348 4
2164 4349 7
2107 4350 5
2863 4351 9
2698 4352 2
193 4353 6
151 4354 4
6 4355 2
2780 4356 2
2593 4357 7
456 4358 4
2664 4359 9
1432 4360 3
3501 4361 6
699 4362 8
580 4363 7
2337 4364 3
4342 4365 5
4052 4366 8
118 4367 8
1184 4368 8
427 4369 3
2178 4370 5
3575 4371 2
2845 4372 3
1692 4373 9
2963 4374 1
2452 4375 8
1074 4376 2
3939 4377 9
4321 4378 2
136 4379 4
3815 4380 1
4241 4381 3
1389 4382 4
2367 4383 1
3279 4384 5
2368 4385 3
2331 4386 10
2449 4387 6
2198 4388 4
3051 4389 2
1098 4390 6
2259 4391 10
3254 4392 5
1798 4393 8
1109 4394 5
1472 4395 5
17 4396 4
1119 4397 9
401 4398 1
1839 4399 9
3366 4400 4
2123 4401 8
2663 4402 9
1754 4403 9
4052 4404 10
240 4405 1
3090 4406 1
1234 4407 3
4382 4408 9
2193 4409 5
585 4410 6
1099 4411 2
509 4412 8
2224 4413 7
181 4414 1
1955 4415 7
299 4416 9
1001 4417 9
1097 4418 10
2449 4419 4
299 4420 8
2584 4421 5
3521 4422 3
3151 4423 7
3888 4424 9
2681 4425 6
764 4426 10
2260 4427 4
4373 4428 9
3052 4429 6
2540 4430 8
3715 4431 5
3709 4432 9
2345 4433 6
542 4434 3
427 4435 8
815 4436 4
1708 4437 2
1221 4438 10
2178 4439 8
3062 4440 8
2924 4441 6
1548 4442 5
1058 4443 7
4321 4444 3
4151 4445 6
3521 4446 9
4198 4447 9
295 4448 4
1726 4449 8
2905 4450 4
2295 4451 7
560 4452 8
4368 4453 4
1810 4454 7
1521 4455 1
1230 4456 6
647 4457 5
2672 4458 10
3810 4459 5
407 4460 8
2010 4461 4
1652 4462 1
1092 4463 4
3549 4464 7
3663 4465 1
3155 4466 7
3107 4467 8
3984 4468 7
2673 4469 6
3089 4470 2
3627 4471 9
1596 4472 5
3986 4473 9
2987 4474 7
2873 4475 9
1974 4476 4
1879 4477 1
3234 4478 4
998 4479 1
3815 4480 8
2243 4481 2
4342 4482 1
4320 4483 9
461 4484 10
3470 4485 2
3063 4486 2
3454 4487 2
4206 4488 7
2584 4489 3
2964 4490 4
4152 4491 6
1888 4492 6
2344 4493 4
194 4494 3
1980 4495 1
2420 4496 8
3397 4497 3
2561 4498 4
3745 4499 7
2294 4500 9
1580 4501 8
1718 4502 1
2709 4503 10
475 4504 8
2902 4505 2
608 4506 5
1374 4507 1
4398 4508 7
4090 4509 3
2660 4510 1
1925 4511 9
3546 4512 9
354 4513 5
1747 4514 6
861 4515 9
4324 4516 10
4078 4517 6
1583 4518 8
271 4519 2
1958 4520 8
3503 4521 9
2933 4522 2
2245 4523 6
2132 4524 6
888 4525 10
2991 4526 3
4104 4527 3
1720 4528 1
1027 4529 9
3299 4530 2
3937 4531 2
1190 4532 6
1417 4533 5
3401 4534 3
3932 4535 9
23 4536 1
1715 4537 7
2778 4538 7
56 4539 4
210 4540 2
2773 4541 9
2736 4542 1
325 4543 8
190 4544 3
650 4545 9
3464 4546 4
3133 4547 7
2486 4548 1
2701 4549 3
241 4550 3
1491 4551 6
1557 4552 9
2282 4553 8
956 4554 5
1440 4555 10
426 4556 8
504 4557 1
1261 4558 2
617 4559 3
3486 4560 6
3051 4561 10
2152 4562 3
232 4563 2
1224 4564 3
3169 4565 9
3930 4566 7
3174 4567 9
187 4568 9
2530 4569 2
2632 4570 1
1374 4571 9
389 4572 3
1867 4573 8
3583 4574 1
2740 4575 3
609 4576 3
1666 4577 2
862 4578 2
2401 4579 10
1558 4580 9
3950 4581 10
2602 4582 5
4386 4583 3
2985 4584 5
660 4585 8
838 4586 9
2180 4587 6
2623 4588 8
2359 4589 10
3454 4590 5
1864 4591 9
852 4592 7
4104 4593 5
3675 4594 4
3835 4595 5
3233 4596 6
1010 4597 10
3150 4598 3
3056 4599 5
2125 4600 9
1212 4601 7
483 4602 9
1460 4603 3
4394 4604 10
3618 4605 7
4384 4606 5
187 4607 2
1414 4608 6
209 4609 3
2104 4610 3
129 4611 5
1144 4612 5
1398 4613 2
308 4614 7
3475 4615 8
1701 4616 10
2028 4617 5
1576 4618 1
2431 4619 9
3532 4620 10
467 4621 6
3265 4622 3
4478 4623 8
3387 4624 6
2866 4625 10
605 4626 1
795 4627 9
4108 4628 10
4077 4629 3
3926 4630 1
1243 4631 4
3437 4632 8
3864 4633 4
2479 4634 8
1062 4635 1
1579 4636 10
1288 4637 4
113 4638 5
2641 4639 3
671 4640 5
3965 4641 1
2178 4642 1
4046 4643 1
2475 4644 4
3261 4645 8
1254 4646 7
3971 4647 7
549 4648 4
3389 4649 5
3577 4650 2
4615 4651 9
2098 4652 2
2716 4653 5
1671 4654 7
2012 4655 8
3543 4656 4
3761 4657 9
2532 4658 2
4181 4659 5
2101 4660 7
865 4661 10
3328 4662 9
510 4663 10
4255 4664 8
2514 4665 5
607 4666 2
2806 4667 5
1818 4668 9
1597 4669 1
2093 4670 2
2359 4671 9
3987 4672 9
3993 4673 2
2463 4674 1
2059 4675 6
3648 4676 3
1071 4677 3
143 4678 4
4534 4679 3
4387 4680 9
2748 4681 5
3506 4682 3
1649 4683 6
3550 4684 3
2725 4685 10
2655 4686 7
1816 4687 1
3842 4688 1
4531 4689 6
4485 4690 1
1321 4691 8
3558 4692 7
1214 4693 3
3099 4694 3
1556 4695 5
2513 4696 7
2293 4697 6
3713 4698 3
578 4699 3
3387 4700 10
3254 4701 10
4417 4702 6
2714 4703 10
2963 4704 2
1953 4705 8
2514 4706 7
2896 4707 6
3514 4708 7
2669 4709 6
4147 4710 8
633 4711 6
102 4712 5
2364 4713 6
3504 4714 3
2604 4715 3
482 4716 2
1748 4717 9
2686 4718 5
738 4719 4
398 4720 4
2461 4721 2
2048 4722 8
1948 4723 4
3911 4724 8
3755 4725 8
607 4726 5
963 4727 2
2128 4728 6
1813 4729 7
2404 4730 6
2141 4731 1
2284 4732 6
2911 4733 7
2583 4734 8
2464 4735 8
3961 4736 3
4734 4737 2
3429 4738 7
1793 4739 8
1079 4740 8
2307 4741 4
4433 4742 2
17 4743 1
2239 4744 3
4233 4745 7
2083 4746 1
1021 4747 9
529 4748 10
2031 4749 6
1379 4750 7
865 4751 10
855 4752 4
2891 4753 2
4089 4754 10
3616 4755 7
3722 4756 8
2292 4757 10
1381 4758 6
3863 4759 6
2020 4760 3
2074 4761 8
599 4762 2
1228 4763 1
1083 4764 10
1562 4765 10
3518 4766 5
1125 4767 8
1365 4768 5
3656 4769 10
1971 4770 1
2376 4771 2
4045 4772 8
556 4773 7
4640 4774 6
3934 4775 3
2218 4776 9
2862 4777 3
4303 4778 5
3980 4779 5
1401 4780 5
1424 4781 6
2945 4782 6
1911 4783 7
1908 4784 4
3988 4785 6
459 4786 3
1907 4787 4
50 4788 10
134 4789 5
1530 4790 7
3357 4791 5
623 4792 8
2919 4793 6
762 4794 4
1232 4795 1
1016 4796 5
1256 4797 9
2782 4798 9
3191 4799 4
828 4800 4
4379 4801 10
967 4802 7
2343 4803 2
3925 4804 6
2526 4805 3
3292 4806 4
3709 4807 8
917 4808 6
83 4809 4
455 4810 7
4805 4811 1
2612 4812 2
2232 4813 7
4218 4814 10
3664 4815 6
506 4816 10
13 4817 6
3465 4818 9
957 4819 4
2518 4820 3
2077 4821 7
4295 4822 5
1798 4823 9
1121 4824 10
1506 4825 3
4543 4826 10
2521 4827 1
2758 4828 8
4793 4829 5
4450 4830 8
3470 4831 5
2370 4832 4
36 4833 4
531 4834 6
46 4835 7
3330 4836 6
1031 4837 8
3383 4838 10
74 4839 6
2475 4840 3
260 4841 1
1587 4842 4
3629 4843 8
3278 4844 9
3906 4845 1
843 4846 4
143 4847 6
2813 4848 6
1084 4849 3
3125 4850 9
3909 4851 3
4373 4852 6
3044 4853 9
1815 4854 9
2944 4855 8
1458 4856 3
4799 4857 9
3067 4858 3
3856 4859 2
4482 4860 10
2174 4861 1
3275 4862 8
1251 4863 1
219 4864 8
2101 4865 5
2608 4866 4
3775 4867 3
3801 4868 10
491 4869 7
3253 4870 7
1207 4871 3
1430 4872 7
1869 4873 9
462 4874 9
2092 4875 2
590 4876 3
465 4877 4
1363 4878 1
1174 4879 6
3098 4880 1
1953 4881 5
753 4882 3
1419 4883 6
2179 4884 3
264 4885 4
4581 4886 8
722 4887 2
4175 4888 9
256 4889 3
1365 4890 2
2824 4891 10
4474 4892 8
2339 4893 10
1967 4894 8
4541 4895 7
2498 4896 1
1495 4897 3
1847 4898 1
618 4899 8
575 4900 2
4401 4901 6
3515 4902 9
261 4903 5
652 4904 9
4217 4905 9
2947 4906 4
3368 4907 9
4631 4908 10
1066 4909 1
3778 4910 7
4718 4911 7
3170 4912 2
3549 4913 2
1155 4914 9
839 4915 10
3607 4916 10
113 4917 10
4239 4918 2
1138 4919 8
3861 4920 6
2906 4921 3
2808 4922 3
2245 4923 3
4246 4924 1
3529 4925 2
4467 4926 4
4274 4927 5
1090 4928 1
1263 4929 10
2667 4930 5
4129 4931 2
1075 4932 3
869 4933 5
3091 4934 9
2242 4935 7
2934 4936 1
3245 4937 5
1093 4938 4
2475 4939 8
4403 4940 4
1590 4941 4
1477 4942 9
2162 4943 2
2385 4944 6
953 4945 9
3581 4946 1
246 4947 8
934 4948 5
789 4949 9
1840 4950 8
248 4951 8
4310 4952 10
4885 4953 3
1456 4954 3
2497 4955 2
4361 4956 2
3683 4957 5
2065 4958 5
2296 4959 1
3692 4960 9
1321 4961 2
4050 4962 3
3116 4963 4
400 4964 6
123 4965 3
4195 4966 2
2968 4967 5
162 4968 6
890 4969 8
3561 4970 10
4299 4971 6
764 4972 6
1550 4973 2
4026 4974 8
4442 4975 1
18 4976 7
4545 4977 6
1957 4978 4
130 4979 9
3989 4980 6
1861 4981 5
4412 4982 4
4118 4983 1
4685 4984 7
2382 4985 10
4168 4986 9
4427 4987 10
958 4988 7
2763 4989 7
1159 4990 7
4259 4991 3
2509 4992 3
2016 4993 5
4961 4994 1
3249 4995 8
4821 4996 7
3047 4997 4
4184 4998 2
3715 4999 1
4213 5000 4
2140 4229 4
2617 8
4081 3
460 9
2310 8
928 2
502 10
4341 8
440 4
1132 7
1051 10
1589 5
4640 10
4771 10
531 6
2852 9
2272 8
2616 4
1742 8
733 1
3275 2
1664 9
813 6
4518 2
4599 2
2279 10
3291 7
3596 2
1149 8
3642 1
4405 5
2790 8
3312 7
732 5
2536 4
455 1
827 10
2291 9
825 8
4243 6
3809 1
3777 2
1739 4
2733 9
3441 6
2270 7
570 1
2225 1
3167 6
285 3
771 1
2865 7
1912 7
4587 7
3314 9
4512 5
1701 10
1926 10
3363 10
2678 5
3736 9
2351 5
2709 5
4538 8
3882 4
2930 2
4617 6
2600 8
3652 9
4264 7
3719 7
3143 10
1118 10
3859 10
2430 8
2634 7
4187 5
1821 5
911 8
474 3
2532 5
796 8
1900 8
27 3
3286 3
1572 4
2121 4
2423 9
2486 3
2718 7
1873 4
3783 9
3040 3
4305 2
3313 9
94 6
4533 2
695 5
1989 1
1039 6
1363 10
3629 6
3676 4
3074 1
1388 3
3779 10
3846 1
4318 7
4515 5
3539 7
4753 4
1374 7
2225 8
4773 3
4141 2
838 5
3421 9
1690 8
3222 3
960 1
1906 8
4221 3
2298 8
1692 5
4864 10
2343 8
213 7
1605 8
2136 7
3002 8
3540 2
4483 1
1010 2
408 3
2287 8
1543 4
2457 3
3998 7
653 9
4271 6
918 3
1484 3
1681 10
4920 9
2168 3
2796 8
4464 8
4020 5
4802 9
3759 8
2146 2
3983 5
2416 10
2061 10
3669 1
1288 8
4295 3
3420 8
3562 1
2496 9
3964 3
2788 9
3921 7
1604 4
2586 2
3513 3
2015 5
2037 1
474 9
202 4
3131 9
1432 6
611 1
1105 4
894 2
2605 7
1594 2
4635 6
3551 8
1939 8
2952 1
3570 6
2945 9
748 1
2407 2
1616 8
3790 7
4315 3
4250 1
1276 3
1722 2
1351 5
624 5
181 6
3575 9
3013 8
3922 2
2843 8
4892 3
4340 1
2244 6
4188 5
4002 4
3137 3
1624 5
1097 5
996 7
3011 1
4784 1
3496 10
1662 8
2587 5
4442 1
152 3
1723 2
4335 8
447 2
2703 10
4727 1
1755 2
2955 1
2398 3
298 9
3273 3
4951 1
1142 4
4628 10
4898 1
1860 2
1106 5
893 10
252 1
314 6
4842 10
1497 6
2742 3
4447 9
1105 6
1899 10
2528 10
3850 1
4813 9
100 1
250 9
1112 5
3245 6
1794 7
2398 7
4154 9
3499 10
187 2
2805 5
4082 1
3432 1
990 9
2830 1
2331 4
1020 10
3704 1
740 7
327 5
874 10
3833 1
579 6
1862 9
4988 8
3020 4
4384 1
4404 5
3081 6
125 2
2936 5
1256 7
1236 1
4279 5
2478 5
2311 1
3077 3
2974 7
481 5
435 8
3234 4
4611 7
1906 6
1783 9
2111 9
3600 9
713 7
3057 10
2518 6
1626 5
3292 7
4697 8
1431 10
1374 1
3856 8
3730 9
1613 2
1057 1
58 1
1209 10
2449 8
4918 3
1015 7
2812 4
3014 10
4878 5
4726 6
2673 6
4948 8
4419 3
3558 8
2244 10
2840 10
40 9
3843 10
2768 1
3760 8
2156 4
4716 9
1009 9
2108 6
4033 5
3163 7
4341 10
4807 9
1913 4
3258 6
4885 9
3807 7
1697 9
3876 7
292 5
4854 9
3760 1
117 8
3649 7
2005 3
1761 8
3442 1
3277 8
1211 1
1611 1
696 5
3269 5
2771 6
4855 7
2134 6
633 9
296 3
4259 3
4160 7
3989 5
3291 9
2684 2
3202 10
4979 4
2501 1
1584 8
4436 3
402 8
1170 7
1556 5
1754 9
2993 10
2933 1
3814 2
1509 4
4608 9
4902 1
1531 5
4603 9
219 5
802 4
4354 7
3006 6
146 7
1364 2
181 9
242 3
2870 4
1775 3
1617 3
836 7
3082 10
1219 4
1544 3
3824 4
627 5
1268 1
1213 5
1088 9
2504 3
4412 4
4623 5
2209 3
4178 5
527 6
3618 5
1074 1
4804 3
4014 9
4465 7
2165 4
2462 2
2776 4
408 3
1384 1
4017 5
1947 9
1799 7
2483 8
841 10
826 10
724 9
3860 9
543 5
929 8
2062 3
2803 5
2876 8
900 4
792 4
1194 8
4430 2
4798 1
4998 1
1260 1
1642 5
3000 7
336 2
1947 8
2436 5
2237 9
2320 9
1723 5
616 3
4830 7
1258 6
2566 7
1867 4
3267 7
996 9
407 7
4315 6
1353 10
1617 9
1880 5
2525 6
1253 4
507 6
1391 4
1950 10
3881 9
3595 8
245 4
161 4
30 6
742 6
144 6
193 6
1058 2
1146 7
3566 1
3404 8
4866 2
4145 6
2736 6
3828 8
2004 4
765 1
587 6
4816 8
3433 7
3755 7
1964 8
1424 3
3461 10
3661 6
2592 7
3195 9
3678 2
65 3
1137 4
4380 3
4017 5
3093 6
2422 8
2923 4
4816 10
782 1
3329 6
2504 9
1127 4
166 8
4580 2
3878 10
3403 2
1022 2
537 4
384 4
3250 8
1861 3
4087 5
4228 4
4164 10
3384 4
2215 9
632 3
4755 9
4762 6
1861 9
295 3
3933 9
1154 9
4422 9
374 3
2716 4
1045 4
3369 2
3407 4
281 1
2728 7
4029 1
4891 3
1860 2
4469 10
3291 5
334 3
3783 8
1691 6
728 5
3578 4
650 4
1597 10
2598 6
606 8
3146 3
3077 6
4395 7
3661 4
2619 1
1325 1
595 9
4483 10
4498 5
285 5
4589 5
20 1
1188 9
1960 5
4324 5
3015 1
2249 3
3698 6
1761 8
601 1
1838 6
2991 5
4936 5
4514 5
1350 10
2361 10
1364 3
3880 4
1701 2
4040 6
1108 4
2548 9
848 5
2704 1
3603 4
4691 2
1581 4
576 8
2858 1
3652 9
2591 5
2849 6
1097 8
4209 9
3919 9
1524 9
1654 1
1087 4
1667 10
2814 1
3445 6
3413 8
2889 10
4245 9
3133 9
2657 3
1613 5
1028 9
3585 9
1857 5
4837 2
233 2
154 1
1695 10
2812 8
3441 7
4716 5
2634 6
4896 10
1054 8
2478 3
3750 10
1919 10
3150 3
4070 8
4358 6
1089 2
3099 4
3613 4
766 6
653 8
4032 8
3762 7
4324 7
1247 9
3037 4
1791 6
4166 2
4267 5
564 6
25 3
3593 3
3567 2
59 1
2837 4
1306 1
2733 10
209 6
4706 4
1502 4
3964 8
2380 7
2676 5
2168 4
211 3
2982 5
356 4
2700 4
4617 8
3804 3
4933 9
2294 5
1798 4
510 6
1089 3
159 4
4253 8
3510 10
434 9
2925 5
1112 6
879 9
3832 10
3092 8
2687 5
2253 1
3355 8
2987 5
1103 8
4360 1
4563 8
4946 7
3408 6
4798 1
484 2
4485 5
4980 6
765 1
1645 6
3610 4
2102 2
1006 7
3111 5
1961 3
192 10
2755 6
2189 1
1272 6
2508 9
789 1
143 3
938 2
3340 2
284 5
1910 3
2020 1
1107 5
4467 7
3369 9
4782 3
450 8
1018 9
1588 2
4586 7
1062 4
4790 4
1999 7
2677 8
3780 10
1674 9
1853 3
1052 9
3070 8
3527 8
4649 8
2702 8
3548 10
2736 7
3713 4
1934 4
4047 3
2330 5
3801 6
1383 10
2966 8
4621 10
3101 2
480 10
2541 6
3959 9
3666 3
2287 5
3084 4
51 6
47 4
1569 6
3706 10
1490 8
256 4
2790 3
3632 10
2094 4
4433 3
605 5
2930 5
1866 7
3927 4
1511 10
1877 2
157 6
4897 8
3721 5
3327 2
3812 2
2138 1
4506 1
362 9
204 6
4171 10
4471 3
3074 8
1399 1
3191 10
362 9
823 9
1046 9
3596 8
673 2
2680 7
1856 9
2437 3
3289 1
4312 4
296 4
2003 8
3286 6
3805 7
3428 7
298 2
4766 10
660 3
3190 7
3281 5
3880 2
1051 7
3480 9
4800 8
3989 3
1611 5
296 5
402 4
40 9
970 10
3905 9
4961 2
90 2
2185 9
2578 5
4845 7
2776 5
3544 5
2086 5
4374 4
157 6
358 4
2300 2
1737 9
2670 8
3510 6
1676 2
2948 5
1793 2
1396 10
1948 10
2179 5
3487 4
3681 2
3120 6
1645 6
1741 5
79 10
466 8
2730 7
2225 10
2412 1
1061 9
2017 4
1842 2
3575 1
4652 5
2567 8
530 7
3709 9
652 3
3276 2
3707 5
2783 4
1522 3
10 6
1752 2
3998 4
4132 5
3369 4
4426 6
2466 9
400 3
3566 2
2631 4
930 5
3979 8
3378 7
3912 1
4561 5
1673 10
1882 6
3343 10
3939 5
3246 10
4800 3
1955 7
4452 6
3649 7
987 10
1643 9
2266 3
3826 3
1009 9
1803 1
873 7
2843 4
4602 5
4985 3
11 10
3552 2
2253 6
4779 6
4211 9
2424 10
1058 8
4818 3
2390 3
318 1
4083 10
1671 5
1947 5
2708 10
3402 5
2792 2
2274 5
926 8
3200 4
3933 3
482 9
312 2
3126 9
2566 6
123 3
1618 5
1355 10
511 3
505 10
3904 6
3614 6
3669 10
742 4
3117 2
1649 2
2704 3
1110 7
2726 7
847 1
1102 1
4526 9
1525 2
3711 7
1884 5
2956 7
4472 10
3834 10
3809 6
4086 7
4869 6
3030 4
1920 1
3290 5
1078 8
1288 9
2808 3
1250 4
4396 10
4070 9
526 5
3417 7
4946 3
4488 4
4530 5
2031 10
3363 2
4673 2
1903 4
4927 10
4801 4
1510 10
3378 9
4643 3
4070 2
403 7
2088 1
943 4
125 3
787 4
3059 9
1755 1
581 7
1703 3
2092 9
462 4
4194 3
2203 1
2434 7
1695 3
1908 7
3802 6
2267 6
1029 2
2878 7
3397 7
3688 2
2357 10
2930 1
3102 4
3391 5
4617 4
3237 2
1506 10
1368 10
3525 8
1648 8
3623 5
4773 3
2658 3
521 6
4939 8
2557 7
4827 7
410 10
1860 10
546 8
2736 5
999 1
2156 9
3793 10
3346 10
709 10
706 2
674 5
4484 4
2121 4
1754 7
4420 2
1515 1
2212 6
4981 9
3906 6
4243 6
3308 9
4974 10
3430 9
3892 9
2990 9
972 3
664 5
4857 6
1228 2
3812 9
893 9
3180 6
2756 2
3565 1
2227 9
2917 4
557 2
3986 9
3913 9
829 2
177 10
565 10
2254 3
4975 3
1086 9
3183 8
3169 4
1434 6
2225 10
3937 1
508 5
1337 7
3798 2
4107 10
902 5
4612 8
1734 8
3270 9
4652 6
1523 7
1086 5
4066 4
2419 1
2882 3
3200 10
446 10
1374 2
3828 3
3455 4
4233 6
2868 6
1785 3
3075 4
2643 6
4650 5
4814 7
221 1
2693 9
2082 4
3634 3
3743 1
1692 8
3564 1
2990 8
4804 2
2725 1
3769 9
4975 3
915 7
920 6
3133 5
4002 4
2316 4
2344 7
2267 9
2381 1
2759 5
3828 2
2295 10
4691 9
391 5
1121 2
3276 6
2354 2
64 6
3809 7
1710 10
1550 5
856 5
4773 4
2574 4
1835 2
2578 4
3006 2
183 6
3322 6
1463 5
2437 10
3242 2
2983 5
767 1
2853 7
4600 4
1501 7
999 6
1281 2
4779 5
255 8
1480 10
4931 3
2308 5
3588 10
399 4
1211 10
3517 3
1944 4
983 7
1760 2
550 2
3741 8
2237 1
1471 7
4487 8
3426 6
1337 7
2628 4
2961 7
3765 9
4942 5
3350 9
4167 3
2742 1
1441 1
3435 3
464 5
1242 1
2195 3
2419 1
790 5
2646 8
553 6
3474 5
544 10
4575 6
3565 4
3944 3
3216 7
1936 9
3889 10
4351 2
2544 2
3404 8
4656 3
2770 7
3019 7
1627 1
3392 10
4787 8
3689 1
773 5
2284 8
4040 1
4104 5
2859 2
1344 1
2343 9
505 9
4976 10
2921 7
3309 1
863 5
861 7
34 7
894 4
1359 8
31 2
4085 2
492 8
1396 3
1179 1
4615 3
4329 9
1971 6
1631 3
1104 9
3533 6
4873 5
3924 8
2743 9
1331 1
4186 3
4094 10
3134 8
1457 9
640 7
4971 6
212 1
1725 2
2658 5
4777 1
3293 9
2079 5
406 4
4422 8
3523 4
3601 10
4817 4
2330 10
3631 8
3831 10
477 3
2228 8
804 2
4221 3
2306 7
4926 10
3658 6
1466 3
709 7
3562 3
4342 2
4643 8
4856 4
3460 6
3461 10
4108 9
3794 5
2328 7
1638 9
762 3
1897 7
2244 6
4042 9
968 2
947 2
1685 8
3043 9
798 8
1002 7
2736 4
2898 3
1103 1
4529 10
2640 6
1330 1
1460 9
439 3
1484 10
2411 4
581 7
4685 7
4996 9
1295 3
1977 8
49 4
4462 6
2906 6
989 6
1697 8
4951 7
2028 10
3957 6
1464 10
3297 4
4243 9
3582 9
3846 7
4358 2
4370 6
1492 10
3749 3
3716 6
4220 4
1791 6
4683 1
294 2
4502 10
1879 5
4690 5
1190 4
1755 3
1915 2
4699 2
3444 10
3957 5
1190 7
2239 7
2062 8
2312 2
3725 4
1944 9
55 7
4620 3
113 1
3459 2
2297 3
2424 1
2165 4
482 10
3894 10
3246 5
4846 4
2691 7
3293 4
2110 7
3347 3
2387 3
3201 9
3037 3
4019 7
4614 5
3059 9
1877 5
1862 8
3534 7
4499 9
3541 4
3614 1
1250 6
2584 1
275 2
3763 3
3386 5
3723 4
1627 2
620 10
408 1
4628 5
1605 2
994 9
4948 3
3269 9
4836 3
1071 8
140 7
3500 6
3640 5
779 6
1929 1
1151 6
3594 1
4795 4
1801 5
3990 7
4968 3
4895 5
1827 6
4755 3
1398 6
452 9
2184 1
4655 3
2565 5
4200 4
2637 1
4401 1
2121 5
2936 3
1321 5
29 10
1907 6
3907 4
791 1
1748 10
838 1
1428 1
3853 4
196 10
4218 5
3615 5
1097 5
4437 7
3561 2
4841 4
4296 2
3873 4
2497 9
1287 9
2792 6
3178 9
2936 7
3002 1
3391 7
910 8
3943 6
814 10
3890 10
4608 10
2621 1
35 6
2022 8
4470 8
3038 8
4156 9
1494 5
4458 1
4641 1
273 3
3359 2
1991 3
2057 6
3692 8
4406 2
1100 6
452 4
294 3
1393 5
3342 1
3222 9
259 7
2533 8
3200 5
4878 2
2908 8
4654 10
3241 2
405 4
360 10
2935 1
3188 8
3944 3
3562 7
947 3
4767 8
2103 7
1587 5
2445 6
4512 4
3257 9
3262 2
20 4
3676 6
1137 7
2938 4
3197 5
1513 2
957 5
3828 5
3329 6
3774 2
1323 10
1418 9
1497 9
3792 6
4699 5
1719 10
1258 4
2846 7
2132 3
4170 10
3259 4
172 7
2108 1
173 9
1649 6
2220 1
4306 9
4441 4
2270 2
3259 8
2989 8
4390 8
1723 7
4344 7
4369 5
1886 9
1899 9
897 8
3760 9
2146 10
14 7
4730 1
706 2
4177 5
3753 5
1294 3
3764 3
3691 9
4269 4
2045 9
4251 2
319 9
3691 7
2858 2
3635 4
1913 1
720 2
2023 7
3515 1
2103 7
4986 7
1712 1
431 2
3291 2
4787 7
2392 9
1969 3
2889 1
1629 7
2164 6
750 6
2968 1
2069 10
598 3
2541 10
4201 8
2448 2
330 1
2665 1
282 4
307 5
4192 7
3087 1
637 6
4179 2
2683 8
4579 10
4100 7
1991 9
3581 3
101 2
1112 10
45 2
3130 2
1414 3
2865 10
3788 8
1699 4
488 7
2941 6
2839 3
945 7
2624 7
416 5
2445 6
497 7
1777 9
2797 4
4402 6
2235 5
689 9
3886 6
3506 4
2701 6
4271 4
1363 1
2616 10
877 2
1408 4
1206 4
1640 4
4101 6
1014 7
2941 5
4174 5
2581 2
1625 7
689 3
3402 2
3180 4
1735 4
2484 2
4553 3
2293 10
2356 10
1164 5
2904 6
3763 9
4864 5
684 7
3230 4
251 4
1082 1
2688 4
2032 7
4859 8
1761 3
2172 5
3407 4
4977 2
666 2
1109 1
4107 3
189 10
4277 4
4358 8
1840 8
3712 1
3251 1
3756 2
3618 5
1752 10
2309 3
4394 5
4738 10
2828 3
1861 8
1675 9
1510 4
1288 9
439 8
996 8
1605 9
1551 5
3810 8
1489 9
272 2
508 2
3514 1
998 3
4271 6
1358 3
4113 2
4802 5
1247 1
4113 6
4438 8
315 5
1167 5
3601 8
3523 1
106 6
1032 3
4078 7
513 5
500 5
252 9
4970 7
1240 3
2691 7
3563 5
524 3
3262 8
1747 10
2703 9
3459 7
3140 4
2722 3
4176 1
1420 1
4578 1
3527 9
1479 8
545 10
970 7
2908 3
2741 1
237 5
4269 3
4486 3
3681 5
899 2
1508 10
3695 6
3123 6
4428 10
1088 6
3880 8
4154 5
2987 3
363 5
1007 6
4325 3
1810 5
4577 5
3267 10
591 5
2781 1
4137 7
486 9
644 5
4958 1
570 7
648 3
4613 7
1198 8
881 4
783 7
4799 4
2854 5
238 2
336 1
1637 9
631 5
2295 6
4383 1
2380 2
1021 1
880 1
4024 5
3007 1
3172 9
3776 6
3147 4
4249 10
4301 8
3472 6
3018 10
456 8
3584 3
1115 8
3393 6
1361 3
4147 2
2433 2
436 1
4742 9
2029 9
1616 6
3443 4
1175 3
3054 8
3730 1
2457 6
1071 2
4640 7
3061 2
3383 1
2444 1
3013 9
3402 10
3019 5
1111 10
4363 6
1575 7
3590 1
3251 3
99 3
4065 7
3870 7
2651 9
24 1
1540 8
132 5
3638 4
2915 1
4295 6
4237 5
3685 1
3131 9
4108 2
4359 10
1066 9
2042 2
1068 1
2969 8
4419 4
4428 10
4101 9
2645 10
4054 1
3832 1
4196 8
105 10
4370 5
3138 7
2658 9
3539 3
1009 10
1557 6
2843 5
793 1
3868 1
923 10
1131 9
3409 7
1829 2
1237 5
1659 1
3904 10
928 4
2209 5
3594 7
3660 2
1326 8
1678 8
1092 10
2781 1
4042 3
630 5
3621 10
3061 1
3981 7
2825 1
1989 1
4370 6
1474 8
2853 7
2324 4
4668 2
4431 7
521 4
1519 3
3184 2
4707 5
3436 9
554 6
1480 6
2144 4
4228 3
3736 7
2048 9
1527 2
1627 2
4115 7
1555 5
1695 8
418 3
3080 3
125 7
1469 10
2465 4
1408 6
4259 1
4600 6
2683 5
3435 3
4896 3
2334 4
2866 9
520 1
1345 7
2848 5
1779 9
4419 5
65 8
1815 2
4261 4
4177 2
4476 8
3357 9
4815 3
4593 2
807 6
3935 3
4726 7
3093 3
4373 2
537 3
4570 7
758 7
2194 4
4868 5
3497 6
1326 2
1876 4
1482 10
529 4
4103 5
4352 9
7 7
195 1
1499 9
3094 7
3422 4
4694 1
3650 7
4454 9
4693 10
1616 10
2273 3
4756 7
2884 4
2532 6
2970 3
1375 9
960 1
131 10
3840 5
2197 3
888 2
4143 9
1480 6
2109 3
2897 6
4894 1
4919 9
2979 2
1284 1
4788 4
2393 2
4934 4
434 4
4866 5
3288 2
4237 7
1655 1
1415 4
4678 5
658 4
4951 2
447 9
1552 5
2670 8
287 7
4793 10
4970 6
3735 4
4789 10
1028 9
2013 7
4955 7
1347 2
1801 5
2596 10
4950 6
713 8
2414 5
173 4
2804 9
2540 6
4490 2
3673 5
4265 1
1824 4
4241 7
3260 6
3855 7
1917 5
1983 2
4465 2
3410 7
3680 3
3793 4
906 6
2014 8
543 4
3659 5
1080 5
4028 5
918 8
4443 10
3815 8
1488 3
304 10
2947 10
1753 6
2649 4
2178 3
1987 6
741 3
585 3
1856 5
498 7
1221 7
3541 8
4144 6
4019 1
2633 6
1393 8
327 1
408 10
2046 6
3863 6
2200 2
1363 10
2554 9
4223 1
3893 2
47 3
1948 9
3602 3
4274 1
3105 8
4478 10
2546 5
1540 5
3236 8
3712 10
1865 1
651 7
3851 4
1525 5
3964 9
496 2
1881 5
1653 4
1237 8
806 2
536 4
191 3
1440 2
89 5
3019 10
3124 3
1062 7
4461 2
3330 5
4336 6
4105 3
359 5
4977 1
2819 6
4289 4
3259 6
259 1
1960 10
2882 8
2724 1
2199 10
2135 2
3678 6
4524 9
3932 1
2004 7
2746 5
373 2
725 1
287 5
3167 5
3892 7
4697 1
2827 9
4250 2
4831 10
453 5
2412 10
3560 7
2489 4
4849 4
1880 4
4558 2
1668 5
1795 4
2999 3
1851 1
1089 7
4093 7
477 5
2169 7
2494 1
3624 7
3103 5
4543 1
2378 4
1434 9
3337 2
2861 4
3978 7
3310 6
2319 2
218 9
4410 3
26 7
357 6
1545 2
2518 8
1811 10
3703 5
1210 2
3448 6
3041 5
1339 1
3140 6
3259 1
3643 7
4312 1
1687 2
875 2
4960 1
257 4
1784 5
3024 4
4746 6
1299 6
509 6
4951 9
2882 1
801 4
2956 9
174 8
987 8
1810 4
4559 4
4385 10
266 4
3725 2
120 8
1995 5
4825 5
2172 4
743 4
3882 6
1114 5
2349 1
93 5
2019 10
4712 8
3753 2
2864 9
1491 1
482 5
2882 3
1963 9
3170 9
873 1
3472 5
167 6
2943 10
4740 1
1701 4
4165 1
2263 8
250 7
849 5
3208 9
3946 1
3906 7
1994 10
3055 5
358 10
1855 10
3246 3
3887 8
1005 6
1479 7
1161 5
4127 6
2223 8
2142 1
193 9
1762 8
390 7
964 5
2886 1
249 5
650 5
3424 5
1828 10
83 2
2287 3
3240 8
1259 6
3223 1
4445 6
2904 7
3417 7
3774 6
1683 10
3892 10
2812 10
514 1
3946 10
3707 3
3951 1
4956 10
4405 5
1037 4
1912 1
496 7
2326 9
993 2
767 9
899 1
3560 10
4720 1
281 6
1183 7
3227 9
1351 9
1382 9
1118 6
853 4
1449 7
4116 7
1825 2
3047 9
3535 4
287 4
2614 6
575 6
1568 8
271 10
1434 9
2639 6
3377 10
1794 5
1157 9
3000 8
3115 8
2254 9
4909 10
4107 5
4113 6
580 7
943 5
412 1
3362 4
260 7
1882 10
282 10
4621 8
2456 8
2426 6
4735 10
3923 8
1830 3
2287 8
1329 2
3033 9
4478 8
4415 1
2838 6
3274 9
274 7
3699 7
3116 1
334 2
448 9
2379 4
4650 3
4873 9
2835 2
119 5
1263 1
2423 2
4830 7
3332 7
964 5
3468 9
3111 8
4496 6
3188 9
3149 8
3940 7
1521 9
3179 6
1420 5
1257 8
2880 1
1040 4
962 10
3491 3
4888 6
2249 5
3395 9
1872 10
2936 10
4070 7
47 9
2963 9
1598 4
2016 9
1210 2
906 1
3494 5
2095 5
2814 7
99 2
4094 7
2408 10
2705 10
1729 3
691 1
4429 7
1511 3
7 10
2588 5
3828 8
2998 3
4238 2
1678 4
946 3
972 5
4896 8
4743 6
257 8
2935 8
792 5
488 2
713 8
314 1
2810 2
445 7
3051 3
1370 10
4934 9
2676 1
1593 7
4627 1
64 10
1496 1
3169 10
3658 10
4406 7
1883 10
3846 6
3540 5
1449 7
3292 9
3779 3
3139 4
1763 6
2294 5
812 3
2547 8
2642 2
3900 10
4823 9
1121 10
4405 3
2049 2
1550 9
1257 9
925 10
3849 5
1912 9
1118 6
504 3
3380 8
3035 7
1247 6
1320 6
2837 5
4054 9
3074 10
4663 3
763 3
2063 9
563 7
4270 3
393 3
4102 10
2558 7
1272 10
3624 9
4568 10
2686 7
1367 3
3381 2
2183 5
2933 6
2929 6
3058 1
2066 2
2977 6
734 1
3868 5
1230 6
792 3
67 7
863 4
1989 9
520 5
4071 3
1479 3
1707 1
4450 5
3106 7
977 4
2478 5
2859 2
25 8
4398 4
855 1
1458 1
2308 1
554 8
2221 6
354 1
2678 2
3895 6
1243 5
1722 10
2203 8
3575 3
3002 3
596 6
863 3
631 9
1534 10
3990 3
2112 5
840 2
4672 3
1974 9
3025 1
4436 9
1917 9
2670 9
1558 5
1503 9
4029 8
3936 3
2091 8
4312 6
710 3
168 1
547 9
3505 9
3551 8
3919 7
4050 7
4897 6
2215 7
1437 3
163 9
4683 1
37 1
1786 9
2240 7
3454 9
749 3
2122 7
2331 6
4217 3
2455 8
160 5
4194 6
3822 10
3974 10
1532 6
4549 7
4679 7
3889 4
767 8
2560 2
4077 10
544 10
2306 6
4527 5
1458 1
2362 7
4837 5
3025 1
4314 8
1620 8
2486 8
1116 4
3456 4
4979 2
1131 10
1145 9
3549 8
4108 6
913 4
80 3
1967 1
339 3
3995 5
1813 1
3065 5
1858 10
952 3
4065 10
4328 3
1333 8
2932 8
2017 2
517 6
37 2
2462 9
1504 8
3909 4
2582 6
2909 7
268 3
531 7
1522 4
2801 6
3593 8
980 6
2585 3
3755 3
3094 1
4781 2
2052 2
2302 7
1669 3
3101 2
3170 9
1348 7
3333 8
3265 4
1064 5
1791 6
3192 2
933 8
4384 7
4433 9
310 3
4662 3
1454 6
3620 4
878 10
75 7
4080 5
3835 2
1004 9
3617 7
3163 7
3075 6
880 7
4833 5
46 7
443 5
4829 6
419 4
4771 8
3459 8
2109 6
1046 8
2660 10
3599 3
1978 5
2082 10
3973 6
4197 2
4162 2
2818 9
998 10
913 7
1068 4
4812 10
1721 1
2838 2
3156 5
1369 7
115 10
829 4
4886 2
3584 9
4417 2
62 9
4513 10
4137 1
2491 2
2689 10
437 10
2100 7
2122 9
2338 9
1523 9
3795 7
1378 6
81 3
237 6
1473 4
4147 7
4584 2
2118 2
522 10
2825 10
870 1
2061 1
1770 5
609 9
2163 1
517 10
120 6
4637 2
861 3
2919 5
878 5
1571 3
3428 10
3237 9
1000 1
3510 1
674 3
2541 3
2457 9
2901 1
1631 10
3280 10
4367 6
3301 9
4141 9
264 10
4636 6
3183 3
4578 9
3364 7
3831 5
149 4
147 9
3298 3
2189 1
3574 9
3672 5
1921 8
2473 1
969 3
2792 2
4334 9
769 8
3193 6
286 6
2274 9
4781 2
1324 7
1462 2
3882 10
2172 7
2469 3
2011 9
232 3
961 10
2447 4
2431 1
3882 2
2000 5
4897 6
4982 3
4106 4
944 9
2393 6
50 6
2407 3
1432 7
4415 4
615 7
629 8
2198 5
4383 1
1207 5
532 7
1691 10
1844 4
302 1
4138 6
2729 2
3 1
507 9
2703 8
3636 10
1731 2
4468 9
4881 5
1786 4
3997 4
3880 8
3902 10
1308 7
4945 1
4397 4
558 8
3315 10
3960 1
2969 4
2110 6
2835 3
4909 2
3903 10
319 10
4053 7
2736 2
195 7
4853 4
86 9
814 4
1583 2
4311 9
3283 2
1422 3
2636 1
558 10
75 7
4124 8
1608 4
2369 2
1460 4
4943 6
3093 7
2211 8
2295 5
4011 9
748 4
1478 2
4295 9
2985 2
2781 4
104 6
1712 9
3185 1
2724 3
1682 5
2009 6
3541 1
4122 1
4630 9
127 10
4349 6
4665 6
2608 2
76 4
4945 7
3189 8
2064 3
1978 8
923 1
2152 5
236 10
580 8
4260 4
878 1
174 7
3881 2
4582 7
1700 1
208 5
1836 3
4631 5
1552 4
2629 2
3293 1
4582 5
1155 9
4604 7
1296 6
4140 6
456 3
882 8
3834 5
1937 3
356 6
3660 3
5000 2
4919 2
1336 7
1433 10
1098 6
1424 4
4887 10
1690 2
3947 1
4707 2
1493 10
1442 9
3755 10
3563 2
3225 2
4004 5
1864 3
1128 1
1469 2
530 8
1277 6
2522 3
685 3
3697 1
2744 5
384 8
1695 7
2266 9
2906 9
2262 1
4402 5
707 5
1539 4
2167 8
745 7
3277 3
1002 10
4536 8
2713 4
4020 8
4338 5
2395 2
3932 1
2832 9
1841 3
4319 2
2710 5
3859 8
3210 5
3607 4
3721 4
2327 4
4033 4
463 7
2797 4
1256 6
1589 1
4518 2
4663 1
60 5
146 1
4096 5
2107 6
2102 7
331 9
622 3
2592 10
2829 6
2513 3
2425 1
477 10
147 5
3682 6
288 6
1068 7
2550 3
2429 8
4067 6
2303 9
1204 5
3229 5
4388 2
1125 8
1499 9
3210 3
3002 6
3955 10
2102 8
515 9
3684 4
2736 5
4147 6
582 5
1051 7
733 6
4573 3
1783 10
2484 9
3879 3
4247 9
4257 8
2126 1
1747 8
2199 3
1616 4
1547 3
4818 5
3571 2
1609 1
2340 4
4579 2
4006 1
2224 2
619 2
1824 7
4542 10
3465 8
643 3
2247 1
1528 4
1426 6
2269 3
1470 9
4346 10
1811 5
4475 9
3597 3
2749 2
2674 9
3273 7
936 7
1928 2
834 10
3666 10
1762 3
3293 7
4618 1
782 9
1399 7
3221 2
3164 7
950 2
3879 1
283 2
4769 7
2400 6
4073 8
2807 8
3249 3
689 1
3017 2
4549 7
894 10
2777 5
1809 7
3206 4
44 7
4435 4
557 9
1826 6
975 7
2381 10
4904 10
2657 3
3012 6
4515 8
3679 3
1366 4
4393 3
920 3
1491 5
3876 4
4632 10
3160 10
4378 5
1865 4
561 8
4455 7
2137 2
1321 10
1809 5
3879 9
4897 5
4114 9
4387 4
3193 7
510 8
3763 3
1729 4
3033 8
3258 9
4162 10
1846 6
3338 4
2079 8
1833 9
492 4
3429 9
3660 3
1029 8
3928 2
274 7
2641 8
930 10
3661 2
1827 10
210 8
4792 8
956 9
3741 6
2787 6
4625 10
341 5
18 10
1947 9
3397 6
1620 2
1663 10
1762 4
4981 4
4257 8
1396 8
4147 7
4225 2
667 8
840 5
2595 6
4435 5
1220 2
3286 9
3202 2
1744 1
3055 6
433 8
2349 3
2942 5
3572 7
3775 9
1875 9
4172 1
3668 1
2346 2
1826 10
548 6
2583 3
2564 5
1866 9
1957 3
4065 1
2440 5
4154 1
722 5
1069 6
1795 3
3846 7
1836 4
2329 3
127 5
3664 5
3552 6
859 7
3382 7
3125 1
1701 1
431 10
2658 6
873 9
13 3
4226 9
2588 1
477 3
1936 6
4955 3
3312 8
4089 5
1215 9
681 9
1727 7
3991 7
3698 3
3919 7
1709 3
1085 3
4435 2
2583 2
1084 10
2796 10
865 10
1434 6
2719 4
2390 4
4524 2
1234 1
4578 4
1029 7
996 7
2333 6
1089 9
3480 6
2782 3
249 6
4122 5
3237 6
2146 10
513 5
2895 4
3798 8
3675 3
3668 4
1606 9
583 3
995 7
3009 6
388 8
1663 9
3902 1
2034 3
4955 10
4360 1
1291 4
3317 5
477 6
1603 3
4848 2
1459 3
4022 3
1757 9
2659 5
4804 6
2605 8
1215 6
4728 10
881 5
4870 10
4487 10
1464 3
1697 10
2620 1
3795 7
2624 3
271 6
3645 7
3014 5
3144 9
701 8
1986 7
3605 5
2866 5
451 5
4725 9
247 10
443 3
831 2
2945 5
528 8
1229 10
2213 5
4177 6
3880 10
4394 2
4419 1
4198 3
796 5
2508 8
2502 2
3887 8
4771 9
1042 1
2391 6
1578 10
4553 6
1420 8
4031 8
3343 2
4267 9
193 5
3171 2
3059 6
4156 6
2916 7
4149 2
756 1
1130 9
2224 2
3486 1
494 1
2958 3
2508 10
212 2
2601 8
1290 5
4514 3
4886 4
4778 2
4490 3
2050 8
846 6
261 8
2306 4
3199 2
2636 4
182 3
3308 9
3933 9
1242 5
4348 2
2030 3
3344 5
4137 3
2308 6
3518 8
3615 5
3515 5
4042 10
1358 3
2963 3
3636 4
938 4
2184 2
462 6
4106 10
2309 7
1374 4
4402 10
2828 1
4135 5
3770 2
2060 4
2976 3
4456 6
1045 8
1030 1
1914 9
2976 7
4540 9
2522 8
4598 10
2484 2
1833 7
2833 1
1298 8
2357 7
1069 8
3703 6
3221 10
1081 7
1927 3
1649 10
1781 4
2937 1
4413 10
2670 2
2992 3
2685 4
4742 8
836 9
3837 5
2457 7
1664 1
1652 6
2020 5
1853 9
2547 3
4138 9
4477 6
1999 1
1588 8
1954 9
1173 9
754 4
1508 2
3304 4
2486 2
1600 1
4623 3
1737 4
39 1
3292 7
4793 2
4616 1
2207 6
2213 4
3986 7
4724 8
157 8
2423 4
3419 6
3359 6
2837 10
2756 1
912 4
1805 3
2136 8
1239 9
229 4
3901 6
3820 6
2581 5
1632 5
4314 8
4134 6
4803 2
2461 1
4807 9
822 4
1812 5
4758 8
387 3
1415 6
173 4
3831 6
431 10
2891 1
1806 4
1667 9
4013 10
2854 5
4703 6
3327 9
4667 8
4775 8
2232 2
1445 1
1424 1
596 9
854 6
3374 4
3428 4
647 3
2137 5
2704 9
817 7
1315 9
3575 1
1380 1
140 4
4718 3
2037 4
2693 2
1724 8
2760 10
4066 3
213 5
3748 1
429 4
2228 2
3384 4
3689 8
4914 3
690 5
1855 9
150 4
4552 6
437 4
1998 2
1884 7
2441 1
2242 6
1145 9
2568 3
3225 5
4705 8
2838 5
2658 4
3359 7
1748 5
4176 8
4488 9
4083 4
3674 2
4787 7
2189 10
2857 10
3937 3
1770 4
3278 4
1299 4
1602 8
430 9
4591 10
3957 1
1704 2
4588 1
4562 10
2466 6
1102 2
3792 2
2183 1
423 9
4705 2
3975 4
2186 5
3667 9
2112 6
4397 5
4235 5
745 10
2837 4
3480 10
1705 5
1985 8
4549 9
3799 1
1481 3
2850 5
2765 4
519 2
3448 7
2792 1
985 10
1317 9
3244 3
3861 10
96 10
1182 1
3285 6
958 3
294 9
4563 4
1681 4
4311 7
587 1
3450 6
1717 1
3649 1
4780 5
4272 4
3378 2
455 3
1823 6
273 7
4802 3
4291 7
3691 4
4573 1
3969 5
2520 8
1415 9
1293 3
2210 3
3536 1
1258 9
1364 5
3642 9
4459 4
4806 4
571 9
3666 3
3758 6
1418 10
4078 7
4916 9
1294 2
3918 8
3516 9
231 1
819 10
2561 3
2474 2
353 4
1666 10
4367 8
2469 4
4800 6
3091 10
907 1
2956 4
1469 1
4855 6
4538 10
2864 10
1773 5
3959 3
2217 4
535 1
2420 2
430 8
3491 10
2522 2
1827 4
2211 5
484 8
1258 3
2118 2
3690 8
834 6
4127 6
2940 8
1938 8
2221 4
1780 2
3727 1
4130 7
2811 1
3211 9
3614 3
74 10
3291 1
3754 8
2443 5
4767 6
1700 6
2233 1
4683 2
3850 5
4346 9
4247 4
542 6
2993 4
1378 3
692 1
2975 5
1792 7
3448 5
3025 10
4340 1
517 1
3036 1
4734 10
4622 3
2325 7
564 3
4743 5
1298 5
2160 5
289 1
4017 5
4968 9
2232 5
2705 6
656 6
4398 4
787 6
1624 10
4207 5
454 1
1564 7
4453 6
3473 2
392 2
1128 10
4835 5
294 2
2305 5
4568 9
4132 3
4757 2
2746 3
19 9
2414 5
1965 9
756 8
1588 10
1185 2
14 6
2044 1
2255 10
2637 1
4383 1
2777 10
1302 9
524 8
1790 9
2952 8
3989 7
2384 5
935 9
833 2
1051 9
3934 6
4945 9
3556 1
1910 3
2451 2
2485 8
1593 6
3488 6
1195 9
1736 8
4788 6
2214 1
4380 1
1662 4
3374 4
4933 7
1479 9
987 4
4779 8
2578 2
539 3
161 3
200 8
598 7
1628 3
3244 5
760 10
4937 10
1310 8
1703 3
661 7
3342 9
4215 10
3525 4
4928 2
2575 8
2516 7
301 8
2734 8
1814 1
4583 9
2127 2
3218 3
1833 9
3661 8
562 3
2874 5
4164 1
934 8
3786 1
3789 2
4031 7
1798 1
1724 1
1580 9
243 4
1297 9
2856 7
4431 10
1745 3
927 8
1468 3
3912 1
4945 8
3318 10
3410 8
1441 10
1114 8
1770 9
2768 10
4077 2
863 4
1730 10
1240 2
2462 6
3307 10
2994 4
1244 7
1756 8
4454 3
4917 4
4882 7
1655 6
946 5
184 5
3126 1
4426 10
986 7
1762 7
1371 5
2912 9
314 5
802 8
4162 9
4097 7
3981 4
4182 2
1722 7
1209 8
613 5
4084 10
3357 10
429 2
2368 2
2918 8
4116 9
4766 2
3086 9
3691 9
827 7
3565 9
3152 7
1373 4
4935 1
3893 7
1677 6
636 3
2837 6
4374 7
2310 3
294 7
824 2
3558 9
4682 8
2507 1
1387 3
3019 8
169 3
763 3
3324 5
2001 10
3983 6
1385 1
1404 8
4727 3
753 3
1489 6
2784 7
1836 7
3646 2
677 2
3116 6
4570 5
4438 4
4739 3
2691 10
465 5
727 1
1195 10
310 4
842 2
4998 1
3989 1
3729 4
2949 6
1517 6
3758 3
3673 9
4269 2
1362 7
3575 4
2098 1
3428 5
3591 3
1306 10
3248 10
1314 5
830 2
2377 10
1126 5
4635 2
3950 4
3626 2
774 4
3436 6
1901 2
3891 10
3752 9
4526 4
3293 2
3945 10
4331 8
1136 2
1912 2
2421 7
188 7
2030 8
3151 6
3111 4
3549 8
2411 1
1259 2
2151 10
4972 6
55 4
3859 2
4803 9
609 10
1052 2
801 4
1908 10
3231 10
2829 3
2297 10
3008 7
3837 9
3998 8
3072 10
2809 3
527 4
1306 6
3215 10
3926 5
1101 8
4047 1
4801 6
4240 1
3947 9
2115 3
4360 3
3440 8
541 9
995 4
1288 4
4358 4
3019 5
1199 5
826 5
4111 6
1454 9
178 4
3167 9
637 3
4189 1
4708 10
2873 9
800 5
3287 6
1080 4
3301 7
2739 9
3803 8
255 8
414 6
1553 9
3874 2
4472 10
3851 8
505 9
4211 2
2939 3
4710 10
3200 8
3235 9
3921 6
1068 9
4206 10
1948 1
850 3
3826 2
1931 1
1836 5
2443 6
4214 9
76 4
862 6
1859 1
4455 8
1270 10
688 10
577 5
3200 2
1625 10
4242 4
1564 9
1227 5
3470 4
2601 4
99 4
1562 7
238 3
2244 8
4345 9
3505 4
740 4
2155 6
2299 6
1097 5
3205 9
4100 1
4757 8
967 8
1092 7
3193 2
380 4
420 9
3528 4
1768 2
4362 2
4837 3
2168 1
2768 6
3697 6
1092 3
1906 3
4373 5
3220 1
2592 3
257 5
4557 9
1890 6
309 8
2639 7
4641 2
3700 8
4804 7
2820 3
1684 6
4139 5
1121 6
4317 5
410 9
3536 4
4551 4
1490 7
2132 9
435 1
148 3
869 9
2777 8
4266 10
435 5
2855 8
4953 5
1245 5
740 3
621 10
801 6
1855 2
4300 4
810 3
1722 4
1575 2
669 3
3010 5
2011 7
2376 7
2063 10
2266 5
4926 10
791 6
423 2
3167 5
1919 1
2926 10
4716 8
353 9
1331 7
1010 1
722 9
1795 4
2645 1
2880 8
752 7
3074 10
1359 7
2695 3
1628 3
707 6
3585 5
1116 10
72 10
1088 4
1098 8
1105 9
2468 1
2254 5
3421 3
1172 5
2982 7
2554 10
813 10
2472 2
164 10
2338 10
4514 5
4751 5
2624 10
2339 1
4287 5
1892 7
4045 5
4571 8
630 4
694 1
4042 9
4302 7
1198 5
4998 3
2654 7
2812 8
3491 2
1752 4
4751 2
1187 10
1588 8
4848 3
3574 8
802 3
2863 5
4165 4
1093 6
3110 2
1590 8
2706 4
3146 9
1411 7
782 4
4102 2
1308 8
2273 5
4717 2
4879 1
2889 10
3845 3
3526 10
359 10
1475 8
963 7
2927 8
3660 3
1888 2
4061 9
935 2
4553 2
4802 5
1489 10
297 7
512 7
3399 7
2992 4
2366 10
4246 2
1817 8
960 6
228 9
3520 5
2392 10
4784 7
2093 6
1920 4
2512 8
2764 10
1127 5
49 5
2631 10
2800 8
1389 5
2892 7
3605 3
2004 4
4822 5
2298 5
4454 3
3243 7
4120 3
4792 2
4922 5
2143 10
2182 1
1924 4
1582 4
3864 2
3120 7
231 4
3309 4
3259 2
4109 7
3047 4
341 9
2812 1
2803 4
2444 5
1510 6
124 1
3129 10
4855 2
4475 8
384 6
3176 4
2022 4
2847 10
966 7
836 2
3221 9
300 4
1989 3
4987 4
2179 7
1721 4
1539 1
3405 3
2263 1
1462 6
3177 7
4611 8
1121 9
477 8
2116 5
2449 8
193 10
4071 3
3554 10
4316 4
1906 8
2090 6
3589 4
1189 1
4725 2
4848 1
4991 8
4450 3
3266 6
900 3
2590 10
3420 4
3799 3
2666 5
4252 3
788 9
721 7
2304 1
4723 4
1511 9
198 10
3699 8
2167 8
2650 4
4425 9
3517 7
3248 8
3852 8
2130 8
2102 3
1202 2
1593 4
2118 9
3934 2
1444 6
3990 1
857 10
1828 3
3539 7
4807 4
4377 5
2682 4
2962 3
2374 4
4402 5
4176 6
3716 1
229 6
3721 5
377 4
3662 9
1805 9
4758 4
3893 7
4461 9
2612 9
3373 3
4165 7
3177 8
4130 9
1012 7
4534 10
1777 4
4617 7
2980 3
2013 2
2063 7
2512 1
3800 4
1469 2
103 10
4801 7
724 7
2513 10
1854 4
2830 7
2651 3
296 9
4829 2
1276 8
1257 10
4449 9
3456 10
1491 7
3364 9
4571 8
2038 3
996 3
1039 1
3013 2
2854 2
2108 6
4557 6
2635 5
19 2
3544 5
4901 3
4594 6
1304 6
3314 9
395 6
2188 4
4958 6
2897 8
748 1
1591 1
4454 1
1809 10
158 3
4746 6
4704 10
1451 4
2634 6
4311 9
4831 6
2660 5
3212 7
361 1
734 7
3221 1
517 1
1434 2
1213 2
332 10
2684 9
1546 7
4718 8
3342 3
1743 2
3992 5
2979 1
4502 10
2849 2
2063 3
3118 3
63 6
93 6
1307 8
4737 10
4027 2
771 4
2510 8
1271 1
543 3
4854 6
938 3
2536 9
374 6
1652 6
318 1
2718 1
2458 3
3228 6
1820 7
3106 8
3088 6
4122 8
715 2
2800 9
4757 4
3494 6
1838 1
3836 1
4117 7
4647 4
1607 4
1166 4
2878 6
531 7
62 6
3247 9
3863 8
3746 10
4111 6
3538 9
551 4
2264 8
764 9
4598 10
2937 6
4314 5
4312 1
1310 9
2576 1
3238 7
1828 4
786 1
203 3
2972 5
3780 1
884 2
1244 9
3069 8
1950 9
1887 6
4614 2
2133 7
4383 2
2466 10
282 5
2299 10
4890 6
4152 4
318 5
2108 10
1335 3
1131 9
194 2
938 3
4570 6
3380 5
1728 2
812 2
3954 9
2123 7
3035 1
4048 6
3856 9
719 4
3025 8
975 10
4873 5
3290 6
2656 7
2208 7
3402 9
464 1
2451 7
3942 6
3607 7
4694 1
1837 2
916 3
3292 4
1218 7
2163 2
2028 5
648 7
2100 6
4543 9
4584 6
2598 7
2129 10
2673 2
507 9
4838 10
4271 5
293 6
2367 5
3171 6
1253 6
2127 10
3720 6
3596 2
133 10
2830 7
137 9
4763 5
3178 8
4687 4
1418 4
236 9
1198 8
874 6
4112 7
4851 4
2082 9
4995 3
3807 10
4324 9
4431 4
3655 8
3932 10
1832 2
4909 10
3497 6
2394 2
2014 3
4260 10
1211 3
988 1
87 9
742 3
221 8
23 5
3486 5
3050 3
372 3
4614 6
1794 2
1425 3
2199 10
374 3
1465 3
4804 5
4356 1
87 4
3859 8
2226 1
1727 10
1327 5
4405 6
1409 8
4061 2
1035 6
1895 2
3848 3
3981 2
4657 7
206 10
4471 3
250 10
3058 10
3089 4
891 6
235 9
1380 1
4297 8
2119 7
161 3
562 7
1964 2
3851 7
1335 10
445 10
4319 6
3805 1
2177 2
1380 5
2145 2
80 2
2191 1
4722 9
1950 2
1195 2
2697 8
1868 2
221 1
4660 5
1930 5
4447 8
1372 1
3520 8
112 2
3812 9
4873 4
2340 5
3054 3
1253 6
2957 9
4817 3
3259 5
3016 9
107 6
34 6
2780 10
4635 1
2730 5
4050 3
4406 1
2801 10
3104 2
4045 10
4905 9
3865 1
1800 3
4865 8
1717 10
3536 5
1907 1
210 6
4400 5
188 1
4351 7
4026 8
3450 6
737 5
3318 3
414 4
4134 10
3786 3
663 10
990 1
2881 7
1906 8
798 7
825 9
4663 3
1382 3
1601 7
472 10
2232 1
2955 1
3693 10
1474 8
1702 9
110 4
260 1
2446 3
3328 3
632 7
4170 8
2025 2
172 6
4197 3
164 8
1822 8
2228 8
648 3
2200 4
1450 1
84 2
2616 4
1714 1
1188 3
764 1
1869 3
978 6
116 10
3 2
2922 7
3980 5
3914 9
3575 3
4831 4
4386 3
4674 10
1896 9
1165 9
3701 2
1354 4
1874 2
748 1
4819 4
4000 2
175 3
1340 6
720 5
3065 6
2517 5
1419 3
1879 4
1372 4
4732 6
2383 4
1239 6
4248 2
3309 5
2314 8
2210 6
4301 5
938 2
4242 9
3596 6
3654 2
1553 4
4366 1
3867 9
3557 10
976 9
4734 6
1026 1
1677 6
327 3
165 7
3008 5
1273 7
2808 4
3306 3
4172 1
3867 6
4735 4
506 1
1673 2
4903 10
1352 6
2566 9
4968 4
4415 4
936 9
4182 3
396 6
592 5
3672 7
958 3
3559 6
4918 3
759 5
3246 3
2189 8
2783 10
2783 8
3621 10
2293 5
4395 9
3965 9
3523 2
1734 4
267 5
4362 6
4599 1
103 6
2565 3
1291 2
996 1
309 10
3370 3
1829 2
3544 1
1376 9
3701 3
4219 6
3756 2
2689 4
1357 3
4301 5
2675 3
1823 1
1616 5
3753 3
4295 1
444 6
4856 2
2358 9
2744 5
2689 5
3129 7
20 5
4211 10
2258 7
3814 9
2873 8
2313 7
3079 10
511 3
4242 7
3595 5
173 10
3308 2
3201 2
3966 9
2496 7
4148 7
331 8
4278 10
276 2
1850 10
931 3
547 1
4442 9
3543 6
4918 8
4720 10
1939 8
323 9
431 10
2380 6
4086 9
3144 8
1236 1
4708 3
1864 7
2362 5
719 10
3155 3
1669 10
1548 6
1539 9
3027 7
1998 1
4968 8
340 9
1705 8
1577 8
1545 4
3621 2
3378 4
4161 9
4630 1
1351 7
2743 9
2186 2
956 4
3261 4
3552 8
1386 9
2686 7
3569 10
3854 5
590 1
660 2
4354 7
1045 4
1128 7
1097 8
1163 9
1848 8
4481 5
3423 3
840 4
702 5
1845 7
301 3
4129 7
1910 10
2257 9
1631 10
2958 7
1476 5
1053 2
2914 5
1410 1
1914 2
267 6
2686 6
3662 8
3330 6
3126 2
2270 6
488 9
4675 4
3100 7
4354 7
1684 1
1493 8
4752 8
2655 3
518 8
1107 6
1256 2
3241 7
2179 10
1774 7
1551 3
262 9
4574 9
1134 3
3945 9
81 10
4019 5
1068 10
3682 2
1283 1
4641 9
2686 6
2532 6
2164 3
3847 9
2719 9
4332 2
139 7
620 3
2929 5
3111 1
1544 10
2285 3
2251 8
2684 5
2868 5
2273 5
4572 7
2830 6
2219 8
2024 9
4776 7
620 5
2963 10
2539 3
2156 9
2955 1
4130 1
4014 3
3908 9
2617 7
1725 2
31 7
2398 2
4384 8
2239 9
2256 5
466 5
3281 10
4114 9
3375 1
2819 9
2672 1
4272 7
1033 9
1085 9
2658 10
1242 8
458 9
3252 1
4606 10
2599 1
3856 6
1088 8
548 1
4306 2
4174 7
1602 5
1777 3
4881 9
404 5
2809 1
126 1
2100 3
2689 3
1775 7
3545 4
1859 2
141 6
2240 8
4499 7
961 2
1373 5
1868 1
1139 8
2309 2
4064 8
954 2
520 6
1124 10
1108 9
4558 4
3624 7
4756 4
714 5
804 2
4891 6
235 6
2030 2
2116 9
201 7
1062 7
2246 8
1158 5
2773 1
2324 2
1531 4
1236 4
4650 1
270 3
4337 5
1927 9
1892 3
4546 4
615 2
3442 7
3790 5
2783 5
4222 10
151 6
2573 6
4930 3
2059 7
609 8
4859 10
3423 5
1006 1
1125 7
213 1
3170 9
2332 3
4346 3
170 8
3507 3
2420 7
4089 2
2482 10
446 1
2886 6
2600 4
987 4
3290 4
4074 4
2593 7
1436 4
1465 9
1429 2
2591 8
642 7
2340 1
1105 10
4404 9
4501 1
831 6
4959 10
1481 7
804 2
641 9
1888 3
515 3
1698 2
3442 6
493 2
4723 4
3481 5
546 5
2546 9
4523 7
2502 3
4432 10
135 5
4756 10
4738 8
3518 5
1332 5
1300 10
68 1
1155 2
2124 10
4398 6
1996 3
2893 1
1244 5
1587 5
4120 1
1204 6
987 1
4247 4
411 6
3701 2
852 10
4771 9
1092 8
4183 7
859 10
1523 4
3522 5
2394 5
3181 3
4861 2
2703 6
609 1
4727 5
764 7
3971 4
3230 2
815 3
2093 6
2982 5
1473 10
4854 7
3045 7
3761 10
844 3
2122 4
1945 6
3120 3
1216 8
2408 2
686 10
4147 5
3903 2
3267 7
3219 8
3621 1
1439 6
4037 3
905 9
1273 8
2442 6
2451 8
2274 2
4642 1
1119 1
3172 4
1130 1
2071 5
3632 7
3731 10
2937 4
2893 7
3529 1
1562 5
2430 6
2532 3
3931 5
3312 6
3256 3
2397 5
1354 10
2530 3
590 10
3867 3
1289 10
2423 5
2653 5
1303 3
4947 4
3318 8
2049 1
4950 2
3535 1
4887 1
1214 5
1165 9
555 4
1401 6
3294 10
3069 4
1921 1
158 3
2157 2
3457 3
676 4
831 6
3975 2
1407 9
1745 6
651 10
1280 7
3228 6
3213 10
682 8
3951 10
3791 1
592 8
1795 8
3111 2
1202 6
3377 4
2862 1
1868 10
1212 2
3265 4
2921 7
1381 10
4082 3
3479 3
2450 2
4864 10
4652 5
1539 7
3202 9
3050 6
4787 6
4139 10
129 6
4619 2
969 6
905 1
132 5
2740 5
3229 1
1680 8
1352 3
3269 5
1998 7
153 9
808 2
2306 4
980 7
4593 8
3802 3
3799 3
4798 3
1363 1
3340 5
1846 8
3025 5
3598 8
67 6
4434 4
3025 7
3615 2
4140 2
4425 9
68 9
1226 2
931 6
1344 1
2431 6
3361 10
4512 8
3689 8
82 8
4615 1
1856 9
4916 10
4987 10
63 6
802 9
4245 1
1207 2
2442 7
3198 5
4217 8
2843 10
2749 4
487 9
1242 9
1427 8
3421 4
2608 6
4513 4
3218 5
3072 1
