1000 2000
1 2 1 637274357
1 3 1 516399399
2 4 1 771657777
2 5 1 788299483
3 6 1 966138255
1 7 1 526839717
1 8 1 533489320
1 9 1 562063631
6 10 1 942599341
4 11 1 517463506
8 12 1 942500784
8 13 1 646833643
7 14 1 706915897
14 15 1 583731596
4 16 1 558697229
6 17 1 500638319
7 18 1 934542003
13 19 1 582217187
15 20 1 626685701
17 21 1 674008515
15 22 1 770885435
1 23 1 792023510
3 24 1 543705725
6 25 1 723873790
15 26 1 541202953
9 27 1 972239545
10 28 1 792319677
7 29 1 759504263
10 30 1 652522177
8 31 1 933702052
11 32 1 826623225
8 33 1 595407690
31 34 1 531983301
9 35 1 729698553
32 36 1 719453506
20 37 1 617568418
3 38 1 722740202
10 39 1 720534201
2 40 1 554186266
15 41 1 590181228
17 42 1 557900969
31 43 1 564106121
27 44 1 933569219
44 45 1 786549040
30 46 1 801240534
39 47 1 527498161
47 48 1 695954536
21 49 1 569240834
31 50 1 930408445
22 51 1 753968361
11 52 1 630695110
51 53 1 735003846
2 54 1 903940779
18 55 1 752240971
9 56 1 865793019
5 57 1 557985267
8 58 1 630697718
41 59 1 701486401
6 60 1 827040070
15 61 1 546077479
11 62 1 984215159
16 63 1 784259783
44 64 1 828665377
19 65 1 977562472
38 66 1 647277590
62 67 1 979092480
2 68 1 546930972
20 69 1 657237735
22 70 1 648540114
69 71 1 774071631
10 72 1 846279752
28 73 1 832794902
33 74 1 764676251
32 75 1 990089402
62 76 1 749392062
28 77 1 707129006
23 78 1 853893411
42 79 1 675955659
69 80 1 946980167
28 81 1 738718248
53 82 1 645114259
43 83 1 754464466
54 84 1 890776375
76 85 1 620566968
24 86 1 845604424
76 87 1 511467138
79 88 1 954720851
53 89 1 718099548
10 90 1 581149502
74 91 1 595952499
18 92 1 667981842
73 93 1 701502800
70 94 1 880466515
23 95 1 887344715
18 96 1 843321455
31 97 1 637381484
24 98 1 951382766
60 99 1 784609684
89 100 1 740595067
43 101 1 615136537
80 102 1 880830828
32 103 1 635143486
57 104 1 907289149
85 105 1 708228264
103 106 1 850880019
33 107 1 523530333
107 108 1 523682942
17 109 1 710405221
13 110 1 655709981
31 111 1 846493495
96 112 1 714062718
31 113 1 706391256
42 114 1 782613443
8 115 1 890968248
107 116 1 621438400
114 117 1 904898247
64 118 1 657808992
84 119 1 702421781
19 120 1 661334086
28 121 1 726595109
41 122 1 620432865
27 123 1 566273362
38 124 1 840646489
40 125 1 812329916
46 126 1 597688205
113 127 1 672876616
126 128 1 822633226
74 129 1 827436737
112 130 1 791375340
49 131 1 619881269
118 132 1 610959942
17 133 1 613470516
52 134 1 771275148
12 135 1 634338308
52 136 1 794305530
73 137 1 811600039
76 138 1 681641288
18 139 1 806771270
132 140 1 759191660
140 141 1 585335367
59 142 1 788188862
86 143 1 509412570
7 144 1 809335473
60 145 1 664381543
5 146 1 878398868
117 147 1 725205219
94 148 1 529376204
122 149 1 714370323
36 150 1 528415941
1 151 1 794045407
69 152 1 818453846
11 153 1 692913512
114 154 1 929492210
57 155 1 872673647
100 156 1 634193435
36 157 1 717221003
134 158 1 950367300
141 159 1 717042112
91 160 1 660857706
13 161 1 738567149
145 162 1 635784579
115 163 1 607926518
129 164 1 707793509
93 165 1 953174827
133 166 1 548714988
49 167 1 992416132
137 168 1 990284328
164 169 1 547991352
46 170 1 683260875
159 171 1 803623737
127 172 1 733009914
49 173 1 831743936
3 174 1 684802223
154 175 1 982030279
65 176 1 674576981
127 177 1 816086491
56 178 1 881603822
103 179 1 613678954
175 180 1 978296939
174 181 1 501940862
66 182 1 639141507
73 183 1 862379578
22 184 1 906606864
27 185 1 970882671
63 186 1 571232888
46 187 1 739619038
7 188 1 910417314
34 189 1 651291891
167 190 1 997095734
97 191 1 500263809
16 192 1 843148869
47 193 1 597373664
40 194 1 637181144
99 195 1 694913079
93 196 1 687934306
151 197 1 788238270
134 198 1 719816138
176 199 1 546045045
149 200 1 577476132
102 201 1 846702011
93 202 1 926324005
177 203 1 972935517
115 204 1 736248711
10 205 1 821518545
170 206 1 962209216
184 207 1 742571662
6 208 1 781412805
154 209 1 656968041
184 210 1 805739911
190 211 1 689096552
35 212 1 541291127
125 213 1 913212136
61 214 1 931739155
17 215 1 738571738
212 216 1 635503021
106 217 1 914583164
77 218 1 748497537
20 219 1 548924494
60 220 1 694110907
193 221 1 741163040
78 222 1 776956643
129 223 1 589426609
198 224 1 601372230
204 225 1 622693189
20 226 1 931857374
94 227 1 890865530
116 228 1 826993825
41 229 1 653889462
188 230 1 869078801
72 231 1 880729769
80 232 1 725874269
33 233 1 578404345
115 234 1 672814603
120 235 1 733922369
198 236 1 634432640
64 237 1 577387530
159 238 1 671762959
29 239 1 868186409
57 240 1 677185608
105 241 1 813951875
231 242 1 740482086
90 243 1 900048147
123 244 1 877546218
165 245 1 875155867
94 246 1 700063890
166 247 1 634502937
181 248 1 746168515
206 249 1 929723641
86 250 1 644327974
36 251 1 743798456
56 252 1 703724870
46 253 1 579136176
250 254 1 641450292
202 255 1 903812020
53 256 1 546456888
256 257 1 791396562
143 258 1 884442147
174 259 1 570941251
48 260 1 929408603
72 261 1 537392864
6 262 1 646458776
3 263 1 784433792
187 264 1 554217653
11 265 1 957103706
262 266 1 883709687
203 267 1 935214387
40 268 1 640574181
143 269 1 989146029
264 270 1 899903904
152 271 1 645342324
2 272 1 692739106
85 273 1 544924404
54 274 1 899089371
156 275 1 927575358
183 276 1 560402296
201 277 1 679911583
159 278 1 852383104
275 279 1 769945611
115 280 1 658644070
130 281 1 878298370
126 282 1 823178662
33 283 1 643171016
133 284 1 846683207
174 285 1 776557439
102 286 1 898023391
122 287 1 972246365
175 288 1 808822720
32 289 1 603126812
187 290 1 999887282
246 291 1 691842086
87 292 1 867749931
110 293 1 536954549
28 294 1 744543454
3 295 1 857478551
35 296 1 904312192
211 297 1 564607584
286 298 1 698389145
199 299 1 805129895
82 300 1 847227648
121 301 1 778949157
247 302 1 641748527
257 303 1 970215058
14 304 1 971882945
45 305 1 514802888
6 306 1 566927154
52 307 1 646179931
166 308 1 769900091
260 309 1 834780963
202 310 1 545204000
78 311 1 663281600
273 312 1 919524396
303 313 1 687776155
193 314 1 524877409
133 315 1 686793249
301 316 1 622128194
119 317 1 577213408
311 318 1 546173219
17 319 1 809210356
51 320 1 971432002
50 321 1 764728334
69 322 1 819331133
155 323 1 517627427
164 324 1 606430457
292 325 1 835137106
134 326 1 534978005
159 327 1 849061515
46 328 1 510097643
302 329 1 698671424
285 330 1 692052583
85 331 1 637731690
8 332 1 962691791
179 333 1 782644521
29 334 1 807030107
266 335 1 505597656
304 336 1 504294680
242 337 1 948481506
224 338 1 679562852
9 339 1 982215838
252 340 1 773915472
179 341 1 956652243
166 342 1 679663215
133 343 1 690416918
15 344 1 775965189
159 345 1 616551392
74 346 1 593185255
100 347 1 621351267
209 348 1 907230888
334 349 1 575898230
222 350 1 556811679
164 351 1 666335915
3 352 1 801370362
68 353 1 736123842
214 354 1 597335819
142 355 1 751298907
11 356 1 611243924
5 357 1 566060861
176 358 1 873979320
173 359 1 500014232
309 360 1 694269229
23 361 1 770621800
29 362 1 730402439
48 363 1 598454224
316 364 1 602088083
306 365 1 616843063
67 366 1 518647160
289 367 1 528622810
261 368 1 845981931
362 369 1 797824899
306 370 1 927731454
364 371 1 942373271
256 372 1 643283571
50 373 1 765213807
276 374 1 873009830
83 375 1 970654071
267 376 1 543702340
33 377 1 567880182
327 378 1 703801463
105 379 1 536066514
60 380 1 725740808
277 381 1 915056614
52 382 1 974788763
225 383 1 727647127
276 384 1 908188567
72 385 1 731702190
374 386 1 776354507
214 387 1 951270456
50 388 1 583853638
107 389 1 522271416
258 390 1 926756066
361 391 1 861548688
40 392 1 991455809
38 393 1 981675752
130 394 1 590781518
215 395 1 715934124
327 396 1 612547724
161 397 1 761241092
319 398 1 779123189
329 399 1 886184359
229 400 1 678821586
393 401 1 704161600
196 402 1 507617172
13 403 1 943238389
347 404 1 593069823
400 405 1 683285624
41 406 1 535692132
53 407 1 956039081
86 408 1 722791290
157 409 1 902812446
373 410 1 853423167
23 411 1 718496132
354 412 1 990326674
186 413 1 860236078
350 414 1 852384239
350 415 1 592899548
268 416 1 652886751
217 417 1 724963562
241 418 1 631193885
119 419 1 902655850
73 420 1 539071611
178 421 1 899050374
71 422 1 898725808
135 423 1 857405391
75 424 1 884594396
225 425 1 564040935
323 426 1 682426607
143 427 1 756425491
210 428 1 733450383
131 429 1 975513077
396 430 1 536162972
39 431 1 849567905
319 432 1 783772073
118 433 1 635735523
424 434 1 772841569
309 435 1 506295989
214 436 1 728001742
19 437 1 994302289
427 438 1 901111536
241 439 1 654279351
197 440 1 533103133
415 441 1 918338867
81 442 1 868128399
181 443 1 599471572
24 444 1 720786972
365 445 1 793610857
109 446 1 759918957
366 447 1 572949308
160 448 1 662636615
434 449 1 818356806
139 450 1 591629380
54 451 1 644893902
228 452 1 817336972
400 453 1 597911956
88 454 1 675180934
422 455 1 672597087
87 456 1 800120634
259 457 1 708236367
36 458 1 720608026
73 459 1 608284493
189 460 1 908956445
11 461 1 549674498
278 462 1 989410696
216 463 1 508831659
411 464 1 838683055
327 465 1 989411988
221 466 1 513101925
381 467 1 959231729
364 468 1 760698156
210 469 1 583200587
200 470 1 751775914
221 471 1 878334638
231 472 1 947197394
449 473 1 663324582
159 474 1 584488145
376 475 1 967746520
17 476 1 699900064
172 477 1 792445250
466 478 1 750795234
447 479 1 607055820
422 480 1 827022716
285 481 1 539962518
410 482 1 615954474
418 483 1 718243814
428 484 1 878512760
389 485 1 606768288
10 486 1 775136189
55 487 1 560373049
296 488 1 814343985
366 489 1 679500888
388 490 1 594785705
273 491 1 688912184
239 492 1 684838710
147 493 1 690937387
99 494 1 813328272
165 495 1 836173778
350 496 1 722584533
354 497 1 615704522
315 498 1 978644226
388 499 1 608572915
360 500 1 514310787
473 501 1 979098863
148 502 1 645187845
417 503 1 596362260
293 504 1 868022995
337 505 1 750747249
137 506 1 572169866
417 507 1 780590576
491 508 1 559470623
246 509 1 687155777
328 510 1 628092016
274 511 1 810771113
418 512 1 961967580
257 513 1 977792306
376 514 1 576315602
161 515 1 820594477
248 516 1 781855783
136 517 1 934786846
402 518 1 783558457
282 519 1 684665470
346 520 1 683483664
143 521 1 670969541
356 522 1 598488079
17 523 1 972779153
112 524 1 507301083
462 525 1 857981898
227 526 1 833987025
250 527 1 850208980
379 528 1 845286236
2 529 1 683177171
437 530 1 925568985
206 531 1 846551279
476 532 1 642356914
255 533 1 757069319
437 534 1 535042257
157 535 1 510545719
29 536 1 627035999
425 537 1 617662774
33 538 1 979348887
398 539 1 528717988
173 540 1 949277079
328 541 1 509116710
206 542 1 979408000
93 543 1 523777797
413 544 1 809444192
337 545 1 895420754
517 546 1 779543917
34 547 1 558983934
378 548 1 859322175
249 549 1 998523900
240 550 1 579484054
16 551 1 614017322
220 552 1 740896805
520 553 1 698934639
238 554 1 592719384
512 555 1 511459471
303 556 1 695414478
472 557 1 707004192
200 558 1 590222816
319 559 1 892729276
178 560 1 819167203
303 561 1 543405828
391 562 1 989161677
196 563 1 502419184
183 564 1 819140653
202 565 1 931549105
554 566 1 624213279
293 567 1 795787597
415 568 1 879852104
533 569 1 778563796
128 570 1 571957938
513 571 1 930426290
374 572 1 610023645
174 573 1 525339166
427 574 1 553487628
107 575 1 514504550
18 576 1 985642335
281 577 1 916008930
367 578 1 595302253
211 579 1 900361726
173 580 1 538909411
563 581 1 566246901
361 582 1 500027758
70 583 1 514972884
352 584 1 675847214
244 585 1 776506998
527 586 1 647719743
448 587 1 850247863
160 588 1 567316272
345 589 1 898784474
463 590 1 913761475
409 591 1 768218194
73 592 1 513828520
301 593 1 516102364
359 594 1 514106026
504 595 1 815263563
489 596 1 521550856
103 597 1 648338973
422 598 1 574615249
470 599 1 917159225
187 600 1 562389609
378 601 1 647793232
401 602 1 662425233
102 603 1 958798796
358 604 1 911453051
382 605 1 644573380
12 606 1 514080876
319 607 1 868168146
296 608 1 872347582
432 609 1 517780448
309 610 1 751596932
264 611 1 518604597
239 612 1 598645140
590 613 1 989831253
530 614 1 610778375
377 615 1 815971876
543 616 1 661102003
356 617 1 527596115
326 618 1 940785916
585 619 1 718811910
240 620 1 572495408
571 621 1 549903429
455 622 1 744186351
510 623 1 722768866
221 624 1 793173585
501 625 1 615134249
128 626 1 545226761
116 627 1 698040354
307 628 1 558617248
212 629 1 764316971
142 630 1 865661459
337 631 1 725787951
507 632 1 786541094
26 633 1 734040518
417 634 1 987486053
73 635 1 532008386
340 636 1 748830032
387 637 1 815083224
606 638 1 674619310
433 639 1 667183128
502 640 1 749480276
314 641 1 675724812
186 642 1 729829282
493 643 1 674967385
487 644 1 916563017
14 645 1 562871061
12 646 1 801098816
17 647 1 970277845
535 648 1 692125188
618 649 1 965327291
272 650 1 511375437
543 651 1 724362921
314 652 1 836582354
392 653 1 795401677
621 654 1 720923034
16 655 1 804371505
118 656 1 972601752
228 657 1 627174171
428 658 1 843092893
66 659 1 567187144
169 660 1 574230887
516 661 1 590798677
457 662 1 932942660
530 663 1 863830413
432 664 1 772481522
90 665 1 709490429
627 666 1 673181620
166 667 1 865544189
110 668 1 568282642
36 669 1 542166919
341 670 1 547437143
234 671 1 769351438
602 672 1 800689459
346 673 1 874675729
528 674 1 932983465
308 675 1 745319307
171 676 1 869426414
75 677 1 616421566
660 678 1 615924126
661 679 1 990405328
515 680 1 660125625
636 681 1 816132331
36 682 1 609472306
154 683 1 942986324
185 684 1 700197828
667 685 1 723489227
117 686 1 828593103
663 687 1 630164417
196 688 1 535970585
518 689 1 854090114
512 690 1 747020208
615 691 1 515751984
282 692 1 918060442
157 693 1 595917900
25 694 1 669404377
687 695 1 918699528
648 696 1 736206057
376 697 1 565459486
495 698 1 656590888
669 699 1 920209124
400 700 1 604653916
416 701 1 836174982
622 702 1 589500793
509 703 1 684173275
318 704 1 547392052
229 705 1 557702430
441 706 1 860162266
257 707 1 599149310
8 708 1 669549578
271 709 1 691644722
194 710 1 946757038
660 711 1 882107183
328 712 1 979189590
279 713 1 940041010
26 714 1 707573225
564 715 1 689921165
415 716 1 793969784
487 717 1 671102232
467 718 1 708411812
256 719 1 512398394
506 720 1 808395450
622 721 1 548097241
606 722 1 551886902
349 723 1 562378131
388 724 1 616221880
617 725 1 810562600
505 726 1 617712764
265 727 1 900478454
554 728 1 564710127
15 729 1 707380521
210 730 1 948090715
600 731 1 786740502
32 732 1 588905962
379 733 1 857443268
354 734 1 817660675
304 735 1 624090416
386 736 1 851879558
624 737 1 643211014
377 738 1 904303512
735 739 1 905327048
211 740 1 635559165
633 741 1 533624942
455 742 1 571741626
40 743 1 595464395
505 744 1 943095217
285 745 1 593605377
592 746 1 686771919
459 747 1 528982166
743 748 1 804388652
109 749 1 812670472
571 750 1 611394775
41 751 1 826391786
279 752 1 881384298
462 753 1 812102718
228 754 1 913312050
202 755 1 550352208
340 756 1 862487765
226 757 1 863007101
542 758 1 785499144
205 759 1 757208868
330 760 1 662841400
501 761 1 801852763
283 762 1 836780237
451 763 1 681793029
427 764 1 940550782
196 765 1 636509394
391 766 1 501744452
344 767 1 609115488
751 768 1 859405133
63 769 1 615844993
44 770 1 914070503
542 771 1 721470015
190 772 1 630226412
348 773 1 904316934
475 774 1 582377839
252 775 1 685329991
307 776 1 718873216
616 777 1 665310703
164 778 1 774479751
209 779 1 502370007
461 780 1 879736376
687 781 1 915982950
687 782 1 574731076
539 783 1 587304577
348 784 1 652154564
225 785 1 563905437
479 786 1 738301256
555 787 1 548203728
415 788 1 687075894
356 789 1 668457243
46 790 1 982181158
275 791 1 573117276
768 792 1 816197027
348 793 1 791710963
606 794 1 524546483
794 795 1 527783508
588 796 1 783330891
150 797 1 916009217
248 798 1 915394424
212 799 1 729416062
491 800 1 852110635
673 801 1 994609964
442 802 1 530812480
241 803 1 959293426
117 804 1 645203127
348 805 1 513598670
298 806 1 879440515
75 807 1 733472582
558 808 1 660710688
180 809 1 648537625
325 810 1 589156067
450 811 1 967038848
118 812 1 761828601
740 813 1 570426814
129 814 1 662056808
15 815 1 912173814
64 816 1 895232392
172 817 1 902613948
516 818 1 633574961
809 819 1 679382008
485 820 1 633030858
634 821 1 509009441
712 822 1 812992026
604 823 1 802985975
343 824 1 597275112
135 825 1 639148857
275 826 1 999024357
227 827 1 547026611
346 828 1 791553266
163 829 1 976491760
736 830 1 988531861
346 831 1 549306986
434 832 1 990921655
582 833 1 759347221
37 834 1 971268775
227 835 1 712422632
428 836 1 859414584
676 837 1 917744316
319 838 1 546051784
264 839 1 594692055
624 840 1 662254760
747 841 1 677498249
472 842 1 549936880
158 843 1 658871444
221 844 1 983734697
216 845 1 556953263
779 846 1 806174442
733 847 1 883449502
267 848 1 517409118
318 849 1 590602428
600 850 1 851760711
379 851 1 545021959
614 852 1 922800137
401 853 1 797126060
48 854 1 928696049
623 855 1 962229456
746 856 1 666552617
37 857 1 668929790
53 858 1 741441160
738 859 1 821609994
335 860 1 802877673
445 861 1 835332033
730 862 1 993767970
404 863 1 796995191
815 864 1 663101854
596 865 1 948219985
608 866 1 640229940
5 867 1 625287553
75 868 1 657156406
618 869 1 935824322
736 870 1 888626724
518 871 1 572377507
460 872 1 999369049
280 873 1 548665836
472 874 1 677872328
220 875 1 785591220
325 876 1 660187126
650 877 1 748360762
356 878 1 914137835
449 879 1 559000647
233 880 1 516403895
789 881 1 855499525
432 882 1 824110723
155 883 1 907854470
66 884 1 558280140
767 885 1 789643316
266 886 1 928068840
774 887 1 872327683
344 888 1 639260122
814 889 1 532317400
500 890 1 734412060
84 891 1 515360466
361 892 1 751818871
706 893 1 832473947
699 894 1 509007838
134 895 1 855571942
216 896 1 674786132
503 897 1 546915828
680 898 1 837740339
671 899 1 922077771
105 900 1 904647401
305 901 1 520484855
67 902 1 637385369
494 903 1 921926728
85 904 1 790228380
352 905 1 715829058
809 906 1 621604456
847 907 1 948084227
478 908 1 965633032
348 909 1 708291201
186 910 1 612496872
473 911 1 522841526
42 912 1 751642083
178 913 1 927747755
469 914 1 925833788
464 915 1 563231689
303 916 1 519157607
188 917 1 508995065
539 918 1 603913484
476 919 1 633083991
8 920 1 706941080
828 921 1 898127966
25 922 1 634005567
268 923 1 909233140
886 924 1 936548670
611 925 1 934738591
549 926 1 945393710
775 927 1 943811366
557 928 1 635896812
620 929 1 769042961
386 930 1 780156111
749 931 1 606375459
145 932 1 948823627
479 933 1 785286249
644 934 1 929818730
681 935 1 600002586
681 936 1 622479633
254 937 1 860482545
294 938 1 898746224
510 939 1 782873231
923 940 1 542922425
886 941 1 790087662
734 942 1 735311880
246 943 1 959778074
804 944 1 900384374
411 945 1 977408321
703 946 1 678822323
938 947 1 522318633
51 948 1 524056797
889 949 1 996574379
697 950 1 924433904
908 951 1 839764277
806 952 1 594718011
254 953 1 596302760
139 954 1 537737141
296 955 1 698939405
276 956 1 665790840
924 957 1 946739983
650 958 1 979370771
583 959 1 716387356
922 960 1 616242430
669 961 1 862904208
707 962 1 981704510
284 963 1 971694115
339 964 1 647759231
832 965 1 527924716
78 966 1 595361032
829 967 1 520140797
343 968 1 907077202
327 969 1 531115034
334 970 1 706319811
345 971 1 905748790
330 972 1 895665425
561 973 1 803609891
802 974 1 824044814
875 975 1 653210298
607 976 1 625003703
957 977 1 794992480
498 978 1 894480425
711 979 1 816987361
677 980 1 804093681
865 981 1 777341210
214 982 1 937179207
782 983 1 613514846
74 984 1 597701484
766 985 1 822505260
742 986 1 750984331
158 987 1 578870592
656 988 1 836641367
833 989 1 836875125
150 990 1 867170575
895 991 1 760245144
115 992 1 551456973
324 993 1 970981030
190 994 1 512039271
827 995 1 928485044
304 996 1 880425065
857 997 1 960342613
744 998 1 606657662
53 999 1 523441290
99 1000 1 561601520
27 694 306 987662650
332 999 2 981279356
110 777 27 904990964
242 909 84 957640163
314 981 6 930204871
87 754 6 984008528
146 813 11 937526499
358 650 3 655075241
213 880 110 983444193
72 739 146 916328589
93 760 144 925453896
114 781 100 913063253
232 899 73 905374666
318 985 10 962023557
621 740 9 366418334
231 898 36 905325727
6 673 234 968910023
210 877 37 927776141
218 885 16 978596666
303 970 17 912742151
311 978 2 958343759
37 704 232 939598045
178 845 97 987074619
514 110 1 439718436
146 813 177 909464583
12 679 177 924940144
151 818 87 963983834
231 898 45 920413836
63 730 128 939399616
202 869 130 964516164
24 691 119 989069628
156 823 123 999508189
266 933 64 952704143
75 742 204 956970738
326 993 1 939359586
55 722 22 900731073
177 496 10 15618672
215 882 24 926116633
76 743 82 908123997
51 718 144 943138412
149 816 75 965834527
155 822 135 954998508
39 706 147 920193101
183 850 148 941093037
240 907 42 991598846
188 855 44 948876642
320 987 1 994626824
749 99 7 959859976
31 698 214 934768489
218 885 92 976480119
52 719 271 957876225
211 878 87 914418254
266 933 55 988308739
329 996 3 938641219
151 818 106 921121771
892 819 5 87112851
249 916 22 956189718
193 860 19 986849960
168 835 116 924582441
79 746 2 977099810
714 807 9 309491144
45 712 231 998265679
229 896 4 986881802
65 732 220 977361957
37 704 283 951874154
3 670 298 934387114
48 715 67 906727169
806 707 8 926272677
294 961 39 933150127
91 758 184 980367326
177 844 137 947046967
72 739 105 961775183
155 822 76 942129279
44 711 117 905446503
118 785 142 977773076
17 684 247 953097226
319 986 5 998946682
309 976 9 905535598
169 836 36 953508977
252 919 66 998109902
165 832 13 978945351
282 949 29 943865110
149 816 148 988380503
221 888 72 928864592
152 819 91 939904534
73 740 126 944672047
210 877 84 908743696
280 947 36 925043893
145 987 10 33304934
210 877 8 977546649
147 814 95 988494752
93 760 149 956749404
59 726 141 918225701
6 673 93 974224087
170 837 3 941617555
206 873 80 915460445
766 802 8 448787058
124 791 33 981299984
239 906 50 935509862
248 915 15 921036665
75 742 204 983774564
153 820 41 901606881
805 615 6 650407510
331 998 1 956406007
53 720 192 980706747
128 795 175 900835035
86 753 20 986564601
149 816 118 919878039
11 678 295 935497300
153 820 48 982397066
225 19 7 530999876
169 340 3 975690681
230 897 80 996664305
48 715 132 954100724
201 868 118 931249746
42 709 1 937606595
249 916 78 947525245
63 730 43 935905427
267 934 35 993475613
333 1000 1 955704263
133 800 162 944622219
203 870 129 969889720
331 998 1 953293031
65 732 232 976557460
256 923 13 917860834
297 964 5 966175816
243 910 29 958382796
659 530 4 173112008
181 848 56 941528458
385 928 7 248678817
61 728 83 912014709
238 905 11 901156211
317 984 2 990528252
28 695 22 934713809
226 893 71 991516179
89 756 7 903302313
42 709 157 970675237
459 92 9 128676989
11 678 139 916288632
158 825 174 911827968
56 723 254 950254637
118 785 87 924280187
190 857 126 966930902
137 804 82 997886306
307 974 16 911085352
44 711 254 990350725
427 303 5 331869877
221 888 79 947872192
710 38 10 863067444
191 858 8 919381472
121 788 149 964396151
22 689 243 946199859
91 758 138 916901271
40 69 3 120201357
324 991 10 951646833
148 815 115 960520374
129 796 3 939740023
238 905 51 991309301
712 795 4 427148356
253 920 23 967377544
866 824 2 287290247
129 796 197 905535891
40 405 5 810649679
138 805 173 952326473
145 812 46 962273985
263 930 33 901317197
131 798 71 962327151
255 922 32 937402548
214 881 54 933760881
292 959 26 999769646
55 722 197 921808482
170 837 107 914619169
103 770 146 955409608
29 939 4 608474482
373 243 2 173727232
229 896 23 975153357
931 765 4 752059831
299 966 22 916207157
906 610 8 997881173
55 722 63 952169682
69 736 168 937013297
5 672 100 952082894
301 968 16 918649781
152 57 6 842758593
88 755 104 910215911
130 797 13 997734414
218 885 112 984808796
175 842 111 975026423
266 933 27 912671673
314 981 17 907694769
324 991 8 985338941
80 747 243 902569446
188 855 82 931554949
103 770 176 977369507
487 140 7 930781484
318 985 7 918069773
215 882 23 959604547
154 821 51 940150059
196 863 18 981273782
64 731 10 977910022
163 830 151 901984077
107 774 107 924736639
94 761 41 935402451
332 999 2 924036712
181 848 21 944817861
162 829 127 994189364
225 892 15 953201267
611 931 1 166617229
425 419 1 809269567
252 919 34 923180393
884 174 4 696278607
91 758 85 919259390
112 779 89 965961672
317 984 5 908071290
283 950 38 906750001
255 922 45 912899823
65 732 30 913092418
278 945 27 963356251
57 724 10 963291525
332 999 1 932476267
69 736 29 971314599
75 742 97 992550961
197 864 30 945995549
291 958 35 932316799
292 959 13 928174039
309 976 8 975316892
109 776 87 951876973
62 729 244 964445827
428 602 8 270966280
202 869 2 925956469
171 838 59 901896982
933 456 5 25812418
467 540 2 418811666
103 770 219 984801240
221 888 4 948500811
229 896 71 916746189
186 596 2 702749870
168 835 71 960732438
26 693 35 970124597
298 965 27 921834968
192 859 98 983581431
206 873 33 976144788
315 982 10 979269816
326 993 5 906434974
409 246 8 799483397
422 723 10 653134624
180 847 80 967160080
68 735 82 937929107
319 986 9 979030286
268 935 50 969198381
257 924 46 900084532
192 859 106 952918996
248 915 55 940846489
174 841 11 976615538
149 816 15 993323439
47 714 43 956813802
56 266 3 716597786
162 829 102 939766427
262 929 38 991808960
60 727 118 949640148
101 768 202 980933245
266 933 40 990372879
73 740 186 959026158
63 730 2 992310929
246 913 88 963831797
92 759 61 979200380
168 835 152 982909816
6 673 284 974548516
87 754 95 935490531
249 916 11 915931005
34 701 164 924979093
78 745 144 923376471
61 728 80 942094038
107 774 125 939618518
143 810 185 994509678
332 999 2 967885387
17 684 65 908969077
51 718 253 965902569
288 955 23 944002801
721 496 4 983807915
258 925 20 932037863
19 686 273 903305250
211 878 105 947129096
329 996 5 942564160
209 876 34 983215176
229 896 23 915476676
298 965 32 981375331
25 692 208 900637428
602 238 8 212481134
210 877 74 905342286
258 925 63 908491641
256 923 72 954646331
98 765 24 952197267
194 861 119 975126530
426 723 3 490957388
257 924 67 986444401
37 704 101 931938600
112 779 31 990997975
173 840 140 923079796
38 705 265 965084443
292 959 23 920459177
196 863 21 980982557
135 802 68 941428405
274 941 15 981871436
262 929 60 994429569
40 707 157 931479205
64 731 157 951481530
16 683 48 973807240
39 706 169 911497375
230 897 63 949508616
202 869 116 912035433
69 736 133 974270045
47 714 91 989146398
189 856 82 942060770
93 760 102 966174929
132 799 101 984046991
349 718 1 844325392
253 920 20 996593840
73 740 48 936157055
311 978 5 942211855
180 847 145 984492138
222 889 45 926669446
107 774 11 941160845
260 927 26 991456017
216 883 118 924802191
451 76 1 971039659
236 903 73 944427318
207 874 86 928921775
809 796 8 515624458
69 736 51 940388803
220 887 83 966171223
258 447 10 206163973
131 798 169 999632953
172 839 66 963066574
246 913 29 940227978
111 778 50 922073188
2 669 77 954517068
251 918 13 987953261
295 962 21 985029627
13 680 214 907995009
184 851 132 953179908
25 692 290 930650336
323 990 11 989094444
9 676 325 939039649
65 732 47 969703369
113 780 34 922383213
46 713 252 971529193
66 733 71 926504010
316 983 7 913065107
315 429 1 878517651
233 900 68 945896285
586 423 7 520450388
187 854 24 957437699
210 877 73 931875936
29 696 288 952134267
229 896 63 937963064
82 749 171 918573475
52 719 143 963427120
332 999 1 967290331
149 531 1 247664116
291 958 7 907928971
53 720 221 956744507
46 713 174 997739376
178 845 133 946963502
172 839 120 919212796
294 961 26 985047939
277 944 48 983063841
280 947 14 906460126
29 696 300 979317216
193 860 111 900962927
308 975 25 968914238
200 867 6 984591581
162 829 70 905802144
5 672 136 953296745
39 706 41 940428884
84 751 6 977466264
41 708 142 931911779
109 776 4 930580128
155 822 178 919247601
170 837 11 948593684
321 988 8 941916603
55 722 266 924196793
330 997 3 955923463
207 977 10 188454996
174 841 66 910356377
258 925 66 934860345
299 966 19 946108892
179 846 111 933159811
118 785 102 952137534
59 726 238 917372975
132 799 138 939769879
189 856 86 992235865
668 540 9 13675455
157 824 32 990403674
78 745 152 977859069
305 972 20 960825771
776 862 5 889257584
204 871 68 951820906
219 910 4 381679218
19 686 90 977287010
221 888 102 946667713
52 719 165 947759805
242 909 61 995109921
120 787 18 995753356
34 701 2 943995109
198 826 6 71337707
280 947 13 986126779
141 808 1 963229657
142 809 118 948879681
213 880 70 937677323
236 903 14 964648084
9 676 89 999496498
261 928 7 918504385
308 975 3 965666377
118 785 174 912293394
212 879 114 919948276
259 926 3 910654376
47 714 185 964565007
297 964 16 933680016
396 635 4 655683757
30 697 60 935526232
189 856 124 928210842
216 883 43 976320121
5 672 74 913042545
227 894 5 928160774
218 885 95 989238968
122 789 114 929061492
59 726 108 925300203
122 789 155 942839358
164 831 163 974453244
212 879 62 984060723
161 828 71 947983535
157 824 126 948167022
282 949 29 918361500
99 766 77 925747265
119 786 39 959747932
112 779 21 954043171
245 912 47 902295607
177 844 102 965286026
153 820 77 905111696
56 723 181 994712514
143 810 150 954204287
176 843 52 917856855
218 885 17 997912612
660 713 3 543800870
85 752 87 914786977
97 764 13 969492092
80 747 220 930973327
192 859 96 923503648
117 784 190 991041629
160 827 22 954914862
44 711 155 916851984
318 985 2 995077619
124 791 140 957456126
146 813 16 932971073
996 171 4 627515085
47 714 245 984340642
798 470 5 522778201
231 898 57 945122972
105 772 187 914037123
323 990 7 995039199
79 746 126 916120076
107 774 108 922275597
276 943 5 994448731
269 936 60 957156016
238 905 59 969515588
211 878 43 993708987
251 918 34 927933927
202 869 51 934323207
309 46 2 205958586
163 830 130 976578677
236 903 57 946993437
314 981 19 990344091
235 902 47 936366486
56 723 144 944247488
156 823 177 903851225
321 988 13 947153756
333 1000 1 960117784
86 753 71 963212383
588 247 8 227218358
52 719 71 902710862
194 861 73 922656205
62 729 255 962255457
159 826 144 978394241
269 936 11 923122580
175 842 4 935325010
187 854 14 957446409
265 932 1 917431365
249 916 52 982257122
12 679 23 958625798
327 994 2 938744384
289 956 26 972762502
331 998 3 904647839
307 974 10 941886897
24 691 252 927727055
206 873 3 924620780
223 890 106 910904813
12 679 16 986443155
333 1000 1 911427284
206 873 38 945066335
170 837 54 909043594
148 815 88 918506026
195 862 127 998040840
332 999 1 980242428
191 858 96 947315011
173 840 10 950879952
191 858 109 942636610
322 989 3 934322934
135 802 90 938414649
220 887 111 996064285
50 954 2 836056924
213 880 81 964691059
282 949 16 925385132
258 925 68 951778448
299 966 20 933495206
280 947 54 902378847
263 930 22 989732549
202 869 131 985026931
484 31 9 524529359
285 660 4 232418007
200 867 71 930353791
56 723 175 972623016
263 930 31 918681249
111 778 160 971653260
181 848 119 992060196
230 897 65 975262113
242 909 89 988904568
193 860 91 903963757
62 729 117 913052066
209 876 114 912810903
172 839 16 951592112
246 913 87 999728981
228 895 43 942663741
280 947 8 943967868
28 695 207 993568781
208 875 7 979940000
254 921 55 988266080
332 999 1 961965009
49 716 208 992332369
147 814 134 977643594
225 892 100 932392439
166 833 113 943534297
204 871 66 996796242
75 742 86 918984569
565 452 2 840398286
134 801 131 919126877
68 735 119 962795196
142 809 75 999288762
16 683 107 957883237
213 880 55 927335797
171 838 52 965035037
319 986 9 979849322
235 902 74 922632789
175 842 27 967208293
90 757 14 983558365
74 741 49 903648949
263 930 34 940674929
105 772 71 982714778
296 963 35 972371105
90 757 135 999814408
126 297 6 838634401
88 755 157 933310867
141 808 162 933117226
294 961 35 926720136
59 726 106 968453882
91 758 54 969251708
158 825 48 993188456
222 889 65 938976740
604 923 6 219753082
165 832 34 980318021
259 926 12 909485081
521 677 4 142756187
228 895 45 961324365
299 966 22 914116857
57 724 144 952696102
307 974 25 931036563
111 778 88 929295325
29 696 9 911177346
334 469 7 721888707
269 936 50 982961516
251 918 76 945133557
329 462 4 146047433
206 873 37 941987157
36 703 15 905857294
15 682 196 924288017
298 965 25 943645345
341 517 3 864740899
32 699 293 907180091
149 816 93 995792533
71 738 94 986433164
582 192 8 994261059
27 694 270 972629498
131 798 178 959239549
323 990 4 975493151
279 946 30 936608747
67 734 225 920656540
269 936 15 976546029
217 884 37 909161636
16 683 232 913836309
55 722 110 921497421
63 730 200 910871591
134 801 78 962494094
75 742 235 938128221
199 866 81 951546372
495 299 2 188875582
244 253 10 684560122
24 691 185 918644631
162 829 57 968439692
304 971 29 902599218
262 929 39 939743605
164 831 29 968403763
24 691 277 954907681
101 768 113 964225200
59 726 111 921927738
39 706 166 957229428
87 754 239 997115947
250 917 61 901946380
679 881 2 454638193
197 864 125 915653246
271 938 25 912267397
29 696 249 950805568
225 892 108 946807305
232 899 95 961129260
188 855 79 994704236
130 797 99 925853069
157 824 27 977231251
154 821 43 923496075
322 950 7 597448941
12 981 4 84444556
43 710 148 903116751
51 718 39 977067780
21 688 300 939880475
531 447 9 68227189
167 748 6 126010602
322 989 1 962071903
20 687 86 938919640
98 765 219 913049177
301 968 30 900504442
97 764 34 944876022
128 795 153 943854922
141 808 121 972550418
294 961 40 922673577
299 966 25 946904943
288 955 38 951561213
330 997 4 965958607
208 875 108 921434107
81 748 64 907395779
235 902 58 908594863
221 888 96 989004918
244 911 63 942403086
61 728 24 966962675
164 831 151 920820335
179 846 151 944073003
95 762 99 966685874
679 6 8 568923291
30 697 22 950077795
167 834 117 987649954
77 744 97 950247349
332 999 1 932067063
79 746 8 933099486
95 762 112 930405298
41 708 49 927077745
321 227 7 744014876
329 996 1 942312379
108 775 181 985633270
249 916 9 972866594
36 703 191 982474928
109 776 33 955842680
57 724 128 994430368
539 85 2 12671715
214 881 55 909594150
330 997 3 982770306
188 855 73 993982160
299 966 19 984214555
197 864 75 953592337
51 718 184 945489429
171 838 74 903958942
275 942 12 960757672
168 835 126 935562038
306 239 9 687998572
286 953 21 982124934
58 725 260 921150572
36 703 84 970251813
165 832 156 960036337
322 989 12 967922973
167 834 24 963595068
146 813 152 947190789
867 657 5 628777750
167 834 6 951612820
243 910 53 901740434
83 750 95 928401003
116 783 130 991744195
478 120 9 998705521
86 753 219 943658714
262 929 22 963060526
19 791 10 773123969
118 785 177 997913860
256 923 56 956041107
51 718 279 929758188
258 925 75 947641630
199 866 55 956464700
95 762 155 934886251
95 762 176 942706573
241 908 19 974721301
96 763 39 982451435
45 712 3 934788048
166 833 139 988782573
41 708 38 953807883
28 695 204 941821308
136 43 10 873393355
219 886 31 975077848
153 820 9 907410664
250 917 28 960247593
74 741 90 958594709
328 995 2 963136282
73 740 213 999941077
215 882 98 947406440
297 964 8 959009341
138 805 161 976950769
172 839 43 933641815
314 981 1 997039646
205 872 18 920962834
206 873 53 938548720
127 794 51 922832254
209 876 85 947882319
75 742 130 961706512
27 694 278 992013251
106 773 193 991763699
77 744 229 908020763
107 774 39 939674479
154 821 70 943137313
119 786 199 944871044
188 855 132 976030112
249 916 51 960727818
94 761 45 978768658
274 941 56 999614110
239 906 18 990497069
283 950 19 955676915
149 816 47 931361198
3 670 298 954042836
172 839 55 909288434
331 998 2 959527353
248 915 73 940662672
313 980 8 975684723
449 914 10 624505736
331 998 1 907518890
22 689 108 932270133
19 686 27 922261693
278 945 15 960554923
244 475 7 568193243
225 892 9 924016163
270 937 63 985081118
276 943 31 975588761
294 961 33 932591738
197 864 22 947748676
166 833 44 999387329
184 851 119 976823040
130 797 100 971117335
311 978 7 924128296
12 679 267 975779993
311 978 9 920312789
183 51 4 580367131
201 868 71 907805372
445 362 1 783452991
897 702 8 282029331
14 681 5 945654071
192 859 40 984731345
28 695 77 995535915
304 971 25 904529924
242 909 30 908395330
174 841 26 989698219
212 879 59 952523808
80 747 193 981851143
128 795 166 982163749
163 830 108 931382008
229 896 41 910553200
155 822 93 952811238
61 728 246 906733959
27 694 62 919596441
976 552 10 952147962
204 871 21 900197953
239 906 7 947947590
297 964 25 980504005
194 861 43 959437395
80 747 107 954317459
170 837 139 970300354
117 784 81 969091002
240 907 47 999140855
920 164 10 105640580
130 797 85 924510814
105 772 180 990528634
95 762 69 905599310
115 782 25 932135346
83 750 101 981392257
267 934 37 992679557
249 916 5 907190234
179 846 33 909657482
64 731 138 948290800
535 26 7 540721963
275 942 27 985484736
567 562 4 286331399
263 930 48 937077604
306 973 23 958721975
261 928 8 987767884
252 919 23 975897601
225 892 14 912944326
114 781 132 940655196
318 985 3 971252255
895 351 1 944122908
241 908 93 932858656
186 853 55 975355477
392 959 4 841865712
586 73 9 332282665
272 939 1 999007996
211 878 97 938873248
240 907 33 922405254
290 817 6 791774333
217 884 42 990460303
268 935 46 900846727
290 957 1 958344483
371 1 8 840946619
309 976 16 978090897
5 672 311 988622053
78 547 8 120464909
21 688 19 914550016
70 737 247 908264522
145 812 139 994563470
105 772 150 901155479
301 968 14 996379414
25 692 273 971363149
90 757 164 959364629
110 777 124 992251167
1 668 234 945620574
261 928 2 917701654
6 673 242 921317371
315 982 9 949049018
80 747 128 942476109
154 821 171 937410773
275 942 49 950715414
325 992 3 941666377
130 797 115 956705309
270 937 39 905706039
215 882 48 929432059
212 879 29 900221834
245 912 47 988438769
215 882 2 979182467
911 821 3 348008472
28 695 25 967825323
40 707 21 961179628
7 674 73 907726602
236 903 25 922354082
111 778 126 936920750
611 666 7 720108826
231 898 73 918057747
914 257 3 442126134
624 442 9 704661589
303 970 17 972503859
168 835 139 963647296
239 906 62 943828523
84 751 34 911535235
6 673 66 962075500
299 966 18 934051979
252 919 50 964997854
95 762 112 988723291
111 778 62 969727775
792 667 9 531439451
98 765 183 983714841
252 919 13 968998254
201 868 113 909331651
82 749 31 979132067
235 902 22 989946152
45 712 166 918953739
197 864 105 933183439
302 969 12 985726615
57 724 134 948453681
31 698 55 908427697
106 773 173 947605887
142 809 42 905314292
72 739 86 991465931
588 293 9 559425112
10 453 3 135313909
311 978 16 918020315
52 719 224 904496199
285 952 6 956837870
101 768 100 938811091
151 818 146 901019631
122 789 103 995307940
162 829 146 948600106
218 885 91 930872780
66 733 247 982318203
87 754 47 996917512
220 887 33 972081921
156 823 114 991722434
86 753 37 915853265
77 744 114 977501314
67 734 192 942697493
126 793 89 961904043
167 834 89 984208918
223 890 56 957530297
937 565 7 864998895
53 46 4 139862190
120 787 174 930049637
115 782 51 923668306
132 799 174 938271789
312 979 9 980953070
144 811 28 984968952
207 874 125 930635591
197 864 21 956809369
330 997 2 981422613
170 837 23 913686355
29 696 213 908206014
263 930 27 969825127
275 942 25 953376078
367 862 3 554671590
230 897 25 998617214
50 717 244 916276313
258 925 48 902722255
60 727 46 976208117
52 719 23 910615967
415 119 7 956522065
803 188 4 861550646
110 777 206 954375383
98 765 151 919185636
164 831 108 926197412
749 243 3 530981555
140 807 120 998682296
193 860 71 972897005
72 739 155 925633137
57 724 258 975712132
159 826 126 959553908
56 723 246 956891805
215 27 5 713810209
507 194 8 421759055
217 884 59 904747386
42 709 266 961895612
315 982 9 906096180
117 784 35 922672294
195 862 20 907046660
229 896 75 996541444
221 888 9 913712374
159 826 37 977713091
262 929 21 975588738
216 883 61 988766095
305 972 1 953031264
20 687 63 921027138
616 666 5 441164022
296 963 36 995718398
257 924 33 947761055
46 713 104 941175565
196 437 9 38142763
933 750 10 976128229
159 826 99 956380379
303 970 30 983241400
721 947 1 308495455
262 929 33 923931661
172 839 68 983902564
333 699 10 636363211
327 994 6 927385793
321 988 10 996982118
91 758 186 957983630
36 703 248 949673852
537 829 2 826835153
218 885 43 969292551
295 962 17 931928116
202 869 115 991278138
520 415 5 855001545
261 928 23 916056634
125 792 124 920334258
267 934 9 963675764
98 765 164 998801980
14 681 119 909103707
184 851 105 974663320
960 845 4 386211582
80 747 98 923917876
198 865 32 952067652
684 951 5 277060826
155 822 134 986269675
291 958 13 952642379
269 936 12 902120282
54 721 161 919831092
131 798 56 953723610
801 110 3 135753314
99 766 100 976516088
146 813 73 922885177
304 971 23 957065090
44 711 244 933688886
24 691 96 954380908
210 877 84 966718908
154 821 117 918274331
57 724 152 954508806
145 812 92 915549628
138 805 180 954158236
223 890 5 949524696
275 942 39 916558217
303 970 14 925298831
284 951 3 935443053
26 693 88 915747037
9 676 104 972854784
206 873 117 947633026
34 701 7 980313410
258 925 18 905346850
