28 18 1
BABBAAAAABBABABBBA
AABBABBBABBBAABBBA
BAAABAAAABABABABAA
BABABBBAABABBBAABA
BAABABAABBAABABAAB
AABBAABBABBAAABABB
AAABBAAABBBAABBBBB
BABBABABABAABBABBB
ABABBBABBAABBAABAA
AABBBBBAAAABBBBBAB
AABABABABBBBBAAAAB
BBAAABAABBBBAAABAA
AAABBABBBAAAAAABAB
ABAABAABABBABBABBB
BBAABAAABBBBABABBB
ABBBBBBBBAABABABBB
ABBBBBABABAAABAABB
BBABAAAABBABBABAAB
BABBBABAABBBABBBBB
ABAAABBBAAAABAAAAB
BABAAAABABAAABAABA
ABBABBBBBBBABBBABB
BABBAAABABAABAAAAA
BABAAAABAABAAABBAB
BABAABAABABAAAABBA
BABAABAAABABAABABB
BBABBABAAAABBBBBBB
AABABABABBBAABABAA
1 1 28 18
6 23 10 27
3 17 30 21
7 12 37 16
20 13 29 17
22 14 24 20
9 7 10 14
13 7 16 26
26 6 36 35
19 10 33 35
13 27 17 35
4 9 15 22
3 12 24 23
3 12 26 21
5 3 12 25
11 2 22 36
21 28 32 34
16 3 27 8
16 2 35 36
13 22 34 37
15 5 35 11
1 7 14 14
12 6 22 14
11 5 22 7
12 16 21 25
23 2 27 27
7 12 17 15
19 11 29 34
22 3 25 38
22 16 35 18
8 1 33 32
24 14 34 16
29 2 35 18
14 3 23 8
29 9 33 19
24 20 30 26
29 25 35 29
18 20 22 28
21 22 29 25
6 2 35 18
4 3 36 33
20 2 21 26
32 33 36 34
5 20 32 33
26 19 28 24
1 13 26 32
12 4 37 18
9 21 14 28
2 24 27 38
1 11 38 31
14 3 22 19
1 5 15 13
10 28 26 29
18 23 26 24
18 5 30 16
9 5 25 35
4 4 4 20
8 12 20 33
30 6 31 29
4 26 31 34
13 16 31 25
11 1 25 2
4 17 5 29
7 11 21 25
2 21 23 30
8 31 19 37
22 19 27 21
3 15 8 31
17 8 17 27
8 28 19 38
6 28 28 34
4 21 31 22
15 3 29 22
11 14 26 37
32 33 35 34
20 26 25 36
19 24 33 37
18 7 29 14
4 3 12 15
2 13 34 26
15 18 31 25
4 31 23 35
3 9 35 17
5 14 34 23
7 24 38 37
13 2 28 31
11 27 32 32
7 14 12 20
37 2 38 15
1 15 24 35
23 9 26 13
5 9 34 18
4 4 8 9
12 26 36 29
22 11 36 33
8 9 20 34
23 1 23 14
8 12 28 14
4 1 28 20
6 19 8 27
13 26 38 36
1 10 11 32
26 33 36 36
6 12 11 29
4 14 29 28
3 25 31 36
22 30 23 36
28 18 32 35
31 3 32 22
10 24 15 28
19 18 26 29
8 18 31 21
8 13 11 19
10 10 15 16
15 18 30 20
14 15 23 32
23 32 36 34
2 9 29 17
27 15 35 19
4 18 33 31
8 5 18 27
5 15 22 36
12 12 32 17
7 5 32 29
7 35 17 38
17 6 18 21
14 2 29 10
24 3 35 18
4 7 7 26
21 1 27 38
18 14 30 27
27 4 32 33
20 21 26 30
14 4 28 4
3 26 5 29
9 6 18 21
13 3 15 24
11 3 25 18
6 8 20 16
15 2 36 18
9 8 33 38
3 1 37 27
17 3 24 5
10 17 25 23
22 11 25 35
11 29 14 30
22 12 36 15
16 8 35 29
7 23 25 36
10 1 24 33
5 13 19 21
31 30 35 38
34 2 37 25
26 16 30 23
8 12 30 26
19 17 24 26
26 10 30 13
16 7 26 34
9 1 19 16
31 8 31 30
10 30 27 32
17 8 26 14
25 18 33 34
6 5 28 9
19 12 30 21
5 4 34 23
1 9 1 20
9 13 27 16
10 4 14 31
13 7 17 16
20 3 27 3
7 11 16 13
9 24 15 26
9 29 13 29
25 33 26 37
30 6 31 24
18 30 27 36
6 3 13 36
2 5 38 33
23 7 31 15
1 2 9 29
8 35 33 35
33 2 33 7
3 7 30 20
19 2 20 27
3 4 33 12
18 2 24 22
7 16 16 32
31 25 33 38
2 12 34 21
6 9 27 14
19 6 36 15
18 16 33 28
13 17 35 30
20 13 38 32
22 6 25 14
5 37 36 38
36 5 38 27
18 21 25 29
13 13 15 32
6 21 7 35
2 26 37 37
19 11 37 20
22 12 32 19
11 29 14 33
9 11 21 11
2 9 38 15
14 24 21 36
4 5 7 32
5 19 19 19
7 15 16 17
16 11 28 29
5 2 16 19
4 19 29 28
8 11 36 37
34 12 35 37
3 19 21 23
15 4 18 11
21 25 36 36
25 2 35 4
17 20 22 36
9 14 29 17
23 18 27 29
1 19 2 33
1 4 29 18
6 4 23 28
20 2 30 22
4 23 21 36
20 27 21 34
12 2 29 13
8 8 16 33
2 13 26 26
9 14 32 21
16 33 26 35
12 18 17 36
19 15 33 33
28 3 38 28
17 11 20 18
26 5 28 31
5 13 33 18
16 4 27 4
3 17 37 19
12 20 26 32
26 8 30 34
14 10 32 13
12 17 31 36
2 9 34 38
4 1 13 29
19 20 32 21
8 17 36 34
10 17 10 31
5 2 13 6
15 16 18 29
23 7 29 18
31 17 31 21
7 14 34 21
17 2 18 34
28 19 32 35
28 12 37 35
32 27 37 33
10 13 29 34
17 9 18 30
11 6 24 7
5 20 9 25
22 15 31 26
1 19 21 33
6 8 8 15
3 3 22 12
28 2 36 6
9 26 16 30
32 9 36 18
18 2 28 20
21 19 24 32
24 7 27 15
23 17 34 21
3 6 23 8
7 30 37 30
15 24 21 33
3 4 35 14
23 29 31 31
8 9 25 9
13 15 23 24
13 3 23 18
14 11 23 12
2 19 29 21
13 6 38 34
9 23 15 26
10 29 18 33
20 4 37 32
34 33 38 38
9 3 12 38
12 2 13 11
7 29 30 38
6 3 19 11
28 1 30 34
23 5 24 34
1 14 15 16
9 15 26 34
17 10 36 11
7 27 37 36
5 5 27 23
7 1 32 34
7 2 34 34
13 8 30 38
5 23 30 30
38 4 38 35
14 6 32 17
13 17 33 30
21 18 34 30
2 8 29 13
25 4 35 9
24 12 37 19
12 11 15 30
27 21 30 27
5 15 10 17
6 12 20 18
7 19 18 25
33 9 35 10
19 12 34 34
1 12 35 14
2 1 13 19
23 36 31 37
13 30 33 30
19 10 35 14
25 10 34 21
19 25 28 29
14 11 19 20
19 31 33 38
34 5 35 10
19 2 24 29
10 11 15 20
28 2 29 15
3 8 11 13
4 21 8 32
13 9 38 18
24 27 24 36
14 2 20 38
20 13 37 28
9 1 29 18
2 10 16 18
13 3 23 20
4 3 35 18
5 10 25 36
24 7 28 25
25 14 37 24
6 26 29 34
16 9 27 29
1 4 28 18
6 15 23 26
2 6 33 27
3 4 15 14
27 3 37 29
23 16 30 28
20 1 21 14
8 13 29 22
25 9 29 29
23 32 30 32
33 9 37 36
11 22 18 29
9 24 19 31
18 24 26 36
14 37 15 38
20 12 21 27
22 14 36 18
11 15 21 23
20 2 26 5
8 26 30 33
26 3 27 13
17 36 22 37
13 12 30 35
25 1 33 16
22 4 34 7
22 9 29 35
14 12 26 29
5 6 32 30
8 20 37 20
24 32 34 34
8 5 9 19
21 16 32 34
16 35 19 38
9 13 9 24
15 4 22 24
7 22 24 33
30 16 31 20
15 9 26 34
22 16 29 30
12 9 26 27
21 26 22 30
12 20 30 29
4 27 21 33
5 19 27 27
8 1 13 12
36 12 38 21
4 14 26 37
7 4 38 28
7 28 21 35
33 34 34 37
6 4 15 20
11 1 30 16
15 1 27 14
24 27 29 34
10 4 26 32
3 23 7 37
29 25 33 28
2 1 27 20
4 1 7 33
11 25 16 34
12 16 20 21
18 9 28 27
15 17 28 36
34 18 34 25
23 27 29 33
2 9 27 30
30 19 31 19
14 4 23 22
4 2 37 21
11 18 26 26
23 12 38 13
19 14 30 25
18 19 30 32
6 14 11 18
18 19 36 33
16 31 28 38
2 13 30 18
28 5 38 35
9 19 23 32
7 5 16 24
1 8 24 17
11 7 12 21
9 25 15 36
2 6 8 38
3 30 19 33
7 34 34 35
6 9 32 14
29 10 34 30
4 23 35 37
15 24 20 29
12 36 31 37
5 13 33 13
1 5 7 34
13 6 17 8
37 28 38 31
2 20 33 29
18 13 22 36
15 27 20 37
28 2 36 38
14 13 18 18
20 10 33 29
27 26 36 32
13 7 24 16
3 2 35 13
14 7 25 38
22 12 36 33
11 11 34 28
23 7 25 22
17 21 36 31
11 9 24 23
24 6 25 7
19 7 20 11
22 5 22 17
20 8 27 16
5 2 38 36
5 23 20 38
16 6 33 20
17 4 28 6
13 10 13 25
9 14 31 37
31 19 31 28
12 35 36 35
10 37 16 37
21 24 30 36
14 7 17 31
7 12 13 35
25 17 36 23
6 9 21 36
27 3 29 26
16 1 38 10
9 8 15 16
5 18 13 27
21 5 24 35
8 2 36 22
2 17 21 26
22 2 25 28
4 6 29 16
16 6 19 31
8 20 38 21
20 19 38 24
2 23 20 37
2 21 5 25
3 2 15 29
1 7 30 30
11 8 23 28
16 13 21 23
11 20 36 34
22 14 27 28
14 24 19 26
16 26 24 34
16 14 16 32
21 12 23 38
21 19 28 36
26 1 31 36
17 7 19 34
9 12 16 35
16 16 23 20
17 27 23 33
1 1 18 26
4 12 16 36
9 12 30 33
30 12 38 35
8 2 25 3
31 32 32 36
24 2 33 25
14 12 34 12
9 12 38 25
2 22 19 27
31 9 33 38
24 5 27 26
23 6 34 6
19 16 31 37
24 18 30 25
15 23 29 36
6 24 25 25
9 28 26 35
3 4 27 5
16 8 25 27
9 2 13 10
9 22 31 33
10 8 12 24
19 24 21 24
8 10 27 33
15 15 35 29
4 34 11 35
3 1 13 22
11 1 31 24
33 6 35 23
23 3 31 7
8 26 29 36
13 8 34 9
15 9 28 38
26 21 34 38
14 7 37 37
9 8 15 21
26 4 30 10
10 28 38 29
15 4 34 29
6 11 12 15
14 30 27 35
17 7 25 17
6 1 31 2
8 23 36 38
4 10 15 15
13 5 37 8
8 13 30 15
29 23 36 24
20 7 35 15
13 21 21 23
4 2 23 22
8 2 38 22
3 14 12 31
10 17 18 17
4 17 31 29
13 2 37 18
9 2 32 37
24 20 30 34
19 9 24 13
14 31 18 36
3 13 6 29
2 7 23 21
15 29 36 37
26 8 38 13
9 11 26 38
8 11 11 13
5 21 23 38
15 14 29 17
4 7 35 14
14 18 26 34
10 24 11 36
9 10 25 33
34 7 37 32
5 4 22 35
5 19 17 20
8 20 33 36
14 1 20 33
6 21 33 34
15 1 19 35
5 1 6 11
20 20 20 23
2 7 19 23
4 3 13 36
14 17 16 27
27 5 36 30
10 2 38 13
9 1 34 18
28 1 30 28
1 9 10 11
9 31 19 33
29 7 36 20
1 9 13 10
13 15 28 18
8 2 29 17
12 1 32 2
2 27 18 28
14 14 18 15
1 7 26 23
23 13 29 26
12 1 29 34
25 11 34 15
3 12 5 16
16 12 34 33
18 25 29 37
9 25 30 38
17 9 38 17
28 7 35 35
7 10 8 30
2 2 18 20
34 9 38 32
29 4 37 35
3 2 16 37
32 26 37 27
13 4 14 20
9 16 10 33
7 12 33 20
3 2 22 10
17 23 18 33
16 9 37 19
17 11 18 26
15 13 32 23
16 4 27 14
3 24 19 35
4 6 5 25
26 4 34 23
13 4 34 29
10 26 23 37
18 13 25 27
1 6 3 11
15 19 34 36
4 11 11 14
8 12 35 35
8 15 36 20
19 2 31 26
19 5 25 14
27 2 33 6
28 11 35 30
20 5 29 31
10 22 31 33
5 6 35 12
21 24 32 32
17 3 19 13
7 26 21 26
1 13 5 31
3 20 10 30
9 18 24 38
33 12 37 37
18 26 33 27
16 10 20 27
16 15 29 38
13 2 25 29
7 3 32 16
12 20 22 23
24 15 38 18
26 31 37 32
20 14 21 35
1 1 1 33
8 20 38 25
2 11 4 24
13 18 13 24
2 5 13 36
2 15 19 38
8 8 22 21
20 6 28 12
13 16 21 28
2 9 28 30
21 15 35 33
26 18 32 38
12 29 38 35
27 28 34 34
13 1 34 16
5 15 33 23
33 20 38 23
18 16 28 30
3 11 6 28
6 5 16 27
1 17 6 33
27 12 38 22
5 1 12 6
1 4 10 36
17 4 38 33
23 25 33 27
17 14 37 32
4 14 18 25
8 4 18 6
7 5 15 18
20 2 21 7
15 26 21 37
30 9 32 32
24 18 35 18
9 11 33 15
4 1 24 21
4 4 9 15
8 11 19 16
7 27 12 38
25 25 26 35
32 28 34 34
23 3 30 13
2 17 9 28
3 10 17 12
29 4 37 33
14 21 15 26
25 9 25 29
12 3 27 21
9 30 23 32
6 18 9 32
7 7 26 26
21 19 33 37
2 13 23 15
16 18 16 35
2 6 22 24
27 17 33 26
35 8 35 21
3 25 18 38
5 12 23 25
26 21 33 33
6 10 11 37
22 27 26 32
5 33 18 37
22 31 36 34
1 13 33 16
18 15 32 38
27 25 32 26
23 35 30 36
23 11 34 21
5 10 7 11
20 21 38 26
18 27 33 32
9 17 34 29
2 29 32 33
31 5 36 36
12 10 15 18
28 2 34 31
10 9 18 13
16 7 37 9
33 29 38 36
9 26 30 35
23 36 25 37
12 3 33 26
20 19 23 35
5 20 25 35
10 5 22 36
12 7 25 36
11 4 20 35
11 1 38 12
3 25 37 35
26 11 27 22
24 7 35 11
1 1 26 7
14 14 27 16
16 13 20 27
16 1 17 6
1 18 16 33
15 19 19 30
24 25 30 29
26 4 35 35
19 4 38 29
8 7 18 23
15 27 19 32
6 15 35 28
9 15 22 23
5 28 14 33
1 15 5 30
13 28 27 34
15 19 24 31
10 25 25 31
5 17 36 34
10 2 19 6
28 32 34 38
20 6 26 24
4 16 36 32
2 6 5 25
2 7 35 33
26 8 26 31
1 19 4 25
8 24 29 36
14 1 30 11
22 12 33 15
5 30 35 37
13 22 25 23
14 6 18 17
14 25 21 37
17 23 27 33
30 8 34 25
24 10 37 35
9 20 24 24
29 18 31 32
3 13 22 31
36 18 36 30
11 5 16 32
20 15 26 27
12 18 33 32
13 19 14 36
4 18 38 29
12 22 35 33
14 8 15 12
15 7 27 15
30 11 38 19
3 3 23 36
34 7 36 24
12 22 25 27
1 17 6 17
13 28 16 28
7 17 35 33
11 9 24 18
1 4 27 6
24 1 27 38
7 11 22 24
7 14 9 37
23 30 32 35
9 16 19 24
3 10 31 19
4 14 35 20
19 23 23 28
1 4 21 27
7 15 12 30
28 6 34 18
21 8 36 15
16 1 32 3
10 21 34 37
22 7 35 35
19 12 31 13
20 4 38 32
23 23 28 35
2 3 29 27
15 12 33 25
10 22 12 27
25 21 38 36
32 5 37 30
13 10 16 20
30 21 32 29
25 5 30 20
5 19 23 25
33 5 36 21
9 4 10 9
12 7 17 10
11 1 12 17
15 10 27 36
6 18 16 35
1 7 3 33
19 3 23 34
16 3 24 16
10 21 35 27
13 23 34 31
7 1 9 11
1 6 26 9
4 19 4 22
4 5 13 28
8 24 31 38
31 3 31 27
27 17 31 23
26 10 31 18
18 18 18 37
6 2 23 9
20 8 26 30
32 2 35 34
11 3 20 29
3 7 7 9
9 1 38 3
2 13 18 19
11 14 14 19
15 5 33 20
12 21 12 27
24 21 38 38
3 11 10 28
19 12 25 24
13 5 28 29
17 5 30 25
5 1 16 15
9 12 21 20
1 11 10 19
18 26 38 32
4 15 36 23
23 24 27 28
1 8 28 18
20 26 22 29
7 2 13 21
28 15 30 19
30 7 37 26
16 30 19 32
22 14 25 22
13 11 15 29
5 4 6 36
4 16 25 30
9 16 11 36
16 7 38 30
17 8 30 14
13 35 23 37
9 18 28 21
4 24 7 27
12 15 25 28
6 16 35 30
5 9 21 21
17 5 21 12
18 24 33 35
11 20 19 27
15 26 16 36
14 11 37 21
16 3 26 22
22 5 32 15
2 3 36 34
7 24 18 28
3 13 36 21
9 24 10 25
12 21 25 23
4 11 20 19
7 7 13 18
11 27 22 36
12 7 29 9
13 15 32 34
25 13 30 16
34 1 38 36
27 30 38 37
9 3 35 27
22 21 38 25
10 21 13 34
5 5 19 32
17 5 36 24
3 20 15 36
30 12 37 18
10 10 36 26
18 28 30 33
13 16 15 23
5 21 27 24
26 7 31 33
4 11 34 22
10 1 31 35
8 4 29 35
17 13 22 29
13 3 18 7
32 15 38 25
24 16 27 19
10 3 11 30
14 9 21 13
22 25 25 28
21 9 33 11
20 10 37 23
16 13 30 26
7 2 15 33
17 26 38 30
4 24 32 33
7 6 23 10
10 4 35 33
3 14 33 15
1 2 15 17
22 20 30 28
7 22 21 23
15 18 30 26
20 8 23 19
21 13 29 30
3 11 8 35
2 11 26 27
16 21 29 37
2 4 20 27
27 14 38 26
18 18 29 31
26 8 27 25
16 15 17 19
23 16 25 26
4 14 27 20
10 19 12 30
13 28 23 33
27 3 36 6
4 23 33 30
10 16 22 37
3 13 30 25
16 20 28 28
4 2 9 19
20 22 31 26
20 8 20 11
14 13 34 37
13 6 24 7
21 1 38 2
12 4 13 27
18 9 32 26
10 5 13 22
7 26 9 26
7 11 37 18
12 32 23 35
13 13 38 20
20 14 36 31
10 27 34 35
5 1 27 30
14 5 30 14
31 1 38 6
7 1 11 34
11 24 33 30
27 13 32 14
5 11 24 21
17 26 38 37
7 7 38 26
9 19 20 21
17 1 37 3
3 34 26 36
