304717013 425324016
198384007 425324016
409468192 425324016
326748711 425324016
341602084 425324016
707382979 389359710
707382979 189041102
707382979 377472039
707382979 302902656
342915523 425324016
240124579 425324016
707382979 190915276
707382979 278067907
707382979 341639899
707382979 195514861
339243693 425324016
401667062 425324016
395854539 425324016
305449630 425324016
707382979 347988251
252179166 425324016
244970748 425324016
707382979 390259795
707382979 273829548
707382979 248833658
199408589 425324016
232599314 425324016
221353410 425324016
330682764 425324016
372337102 425324016
349075095 425324016
179562672 425324016
707382979 352918919
707382979 232036563
707382979 252602660
243520317 425324016
186624828 425324016
274632745 425324016
707382979 205540595
707382979 353901645
707382979 358460472
707382979 217107012
339500035 425324016
707382979 214610936
196958598 425324016
707382979 329376352
291855251 425324016
354211290 425324016
707382979 312940222
229869139 425324016
283421179 425324016
707382979 216012396
707382979 239431981
707382979 224918651
707382979 349110981
707382979 290007067
215849976 425324016
707382979 357294160
231017058 425324016
209727013 425324016
209795969 425324016
707382979 375652618
707382979 315253916
707382979 328579194
187317491 425324016
707382979 308270849
183559071 425324016
707382979 207386174
707382979 347923569
707382979 275061482
266977881 425324016
707382979 256481974
307524433 425324016
242544279 425324016
270303015 425324016
707382979 214321079
306156410 425324016
707382979 254721968
707382979 382616132
707382979 315391644
707382979 390120026
707382979 308397570
365990167 425324016
707382979 263259611
707382979 178981040
707382979 349745797
394917618 425324016
707382979 406027313
188682866 425324016
272622703 425324016
707382979 392862554
707382979 187317669
179582742 425324016
257874746 425324016
707382979 240363158
283783216 425324016
707382979 236511920
280601728 425324016
338655136 425324016
707382979 376816062
210231678 425324016
363601696 425324016
707382979 367310041
707382979 261815141
707382979 408781515
267099247 425324016
707382979 325059920
346702187 425324016
409062846 425324016
222611964 425324016
272208756 425324016
366958600 425324016
707382979 317831810
707382979 306401474
363587248 425324016
707382979 184989099
388763310 425324016
165643900 425324016
170455795 425324016
208045021 425324016
707382979 239894113
707382979 179175177
707382979 180564412
707382979 360895819
707382979 252244324
249768721 425324016
390173494 425324016
328052228 425324016
387716499 425324016
280361136 425324016
238878355 425324016
272950505 425324016
707382979 336132734
358914918 425324016
707382979 314448726
220712221 425324016
707382979 365260137
707382979 360385256
224815303 425324016
286278908 425324016
707382979 241275661
707382979 185526964
313900045 425324016
707382979 195485338
297215192 425324016
707382979 245974105
228686167 425324016
707382979 253186754
707382979 280365555
707382979 195180949
203645713 425324016
408717788 425324016
707382979 294758422
313334647 425324016
707382979 261559082
707382979 320831493
707382979 298336021
707382979 239538734
707382979 348902622
707382979 423507046
184469626 425324016
390763007 425324016
362958875 425324016
376201716 425324016
216829312 425324016
291946247 425324016
707382979 247228204
707382979 169724663
386190261 425324016
707382979 365861826
172733229 425324016
245586853 425324016
707382979 307962392
707382979 362345418
219315458 425324016
231729103 425324016
707382979 328354343
323264982 425324016
707382979 175470408
259556833 425324016
242025454 425324016
707382979 255862190
242649229 425324016
178285508 425324016
707382979 278680573
247507343 425324016
170105099 425324016
344520480 425324016
289318764 425324016
168268360 425324016
253193397 425324016
305572210 425324016
305050398 425324016
707382979 319997420
707382979 366334920
707382979 258177988
707382979 352281916
707382979 307976155
225797566 425324016
171302777 425324016