1089 1550 856
1 2 135920566
1 3 330071155
1 4 778116925
3 5 155439860
2 6 538808927
4 7 725730782
7 8 433623957
5 9 470899005
2 10 604285931
8 11 481692464
8 12 520607032
8 13 249384700
1 14 651755363
6 15 830167575
12 16 679042297
9 17 901098970
5 18 85872878
4 19 704685681
4 20 220699563
20 21 852680016
19 22 465796014
15 23 200869517
13 24 957228705
17 25 632287271
12 26 11611470
10 27 115211866
27 28 40324505
25 29 615794190
18 30 334425976
16 31 983020358
27 32 481930124
32 33 533463837
13 34 672838507
10 35 136825507
4 36 950791409
10 37 653046557
36 38 125465374
4 39 21040096
10 40 378200946
6 41 349241417
31 42 619823451
12 43 627063620
1 44 829049847
25 45 204744173
39 46 393852276
16 47 881976798
39 48 776916561
10 49 148618104
24 50 506106503
12 51 195809488
18 52 832498187
37 53 578518037
8 54 407804822
48 55 893173990
7 56 105401849
54 57 28334534
29 58 559385039
38 59 237889605
48 60 603288666
37 61 109459763
50 62 482914659
32 63 725439693
49 64 111909897
4 65 414618990
65 66 864534110
32 67 927430663
16 68 164317226
59 69 507512208
60 70 958023183
57 71 210644165
61 72 495617954
43 73 493683034
61 74 599409556
54 75 986933
21 76 174206415
75 77 52355514
69 78 101883254
32 79 769468643
62 80 504369354
65 81 684325901
61 82 647032462
63 83 918452110
17 84 822737966
57 85 235988085
35 86 679166865
21 87 401735234
48 88 538127299
51 89 934820514
86 90 626990905
46 91 192751427
65 92 46254140
80 93 163351095
64 94 22902146
9 95 66963246
9 96 969423721
59 97 748691313
72 98 68078413
56 99 132838572
51 100 945624091
56 101 229126581
16 102 815458905
33 103 652092125
70 104 378796433
78 105 343639409
57 106 375236435
17 107 512017359
42 108 781497774
65 109 274660670
85 110 460704542
57 111 36704121
97 112 797945765
25 113 751617148
85 114 305055207
33 115 314389611
17 116 105798727
8 117 727986603
46 118 26894358
87 119 979876537
77 120 672024068
17 121 263994479
34 122 564939483
9 123 173783779
2 124 303896642
76 125 855869879
58 126 642584715
80 127 47245796
46 128 677969432
95 129 11587360
2 130 388351366
111 131 86220286
68 132 722009514
77 133 972956778
22 134 46801967
18 135 7111012
112 136 981381963
18 137 471119240
109 138 899633679
39 139 597791405
65 140 93347466
124 141 820647854
60 142 198751635
89 143 881495363
77 144 371789296
50 145 712262056
16 146 71576044
23 147 959323456
12 148 317721933
77 149 247522131
147 150 590146250
143 151 788382638
22 152 378254984
85 153 822882361
10 154 904404895
49 155 186451685
78 156 726851400
106 157 291233596
114 158 727509539
58 159 654840452
51 160 770844384
139 161 711955846
102 162 870617551
81 163 193555040
46 164 308592237
154 165 405379735
151 166 695710312
82 167 322783050
50 168 305780600
154 169 56886661
103 170 418855526
18 171 765486911
123 172 955470587
62 173 923826311
62 174 934482168
84 175 487311662
128 176 798285620
83 177 105296033
2 178 575579511
108 179 709759006
173 180 739928242
112 181 782910233
9 182 13933815
18 183 214636552
133 184 956391395
125 185 234932612
152 186 72410614
124 187 225986549
170 188 909656380
160 189 563377677
143 190 580995973
148 191 254497801
154 192 102473197
105 193 753217467
93 194 658644905
130 195 414740806
88 196 283147915
174 197 539244402
24 198 8377023
122 199 321828846
127 200 730436870
58 201 45048040
17 202 409697331
89 203 830728682
188 204 273363800
130 205 868524960
132 206 149828400
156 207 86157716
160 208 187849297
190 209 635387006
101 210 7384357
113 211 97583698
145 212 952811552
115 213 440130351
128 214 95741756
41 215 483506046
60 216 171237006
62 217 629026107
132 218 652105026
85 219 605320750
10 220 411410202
101 221 779828596
13 222 154417525
108 223 518572900
177 224 410394197
194 225 41277373
129 226 909120420
8 227 708310824
101 228 480721872
135 229 380669601
96 230 615433075
97 231 402642252
118 232 245246084
231 233 72637119
73 234 48972203
28 235 822819933
14 236 856836281
208 237 21621005
164 238 26183895
22 239 353520625
138 240 399186513
77 241 854356645
114 242 386175418
150 243 22755256
217 244 416141346
92 245 295877268
120 246 120116854
220 247 670760851
42 248 435220582
130 249 115230397
83 250 273872189
79 251 944575187
91 252 245731561
75 253 994478625
206 254 211422799
127 255 708493546
241 256 595313597
142 257 771432595
17 258 830550362
112 259 553419007
181 260 902645410
34 261 130782479
257 262 400332145
233 263 240641552
148 264 249974002
156 265 319745509
3 266 146438629
6 267 359587363
265 268 935549590
8 269 516601995
267 270 554581588
43 271 610098051
152 272 492978434
245 273 836416902
5 274 880751199
82 275 275253206
158 276 91648534
204 277 658675222
231 278 912611716
195 279 180049756
188 280 107705073
184 281 391464612
1 282 616632311
46 283 351346593
46 284 957634313
107 285 404186992
83 286 798076831
198 287 367143789
27 288 100848391
50 289 319616763
107 290 298429302
178 291 617512548
291 292 853422003
157 293 734574864
198 294 880537246
187 295 486168492
115 296 266936235
23 297 947418722
97 298 481201428
88 299 140783149
214 300 871746604
141 301 656084345
80 302 411771534
273 303 518427755
292 304 931821526
21 305 346735864
244 306 285430837
183 307 325361365
186 308 92952532
197 309 462435613
95 310 827077199
74 311 666764798
41 312 678753558
287 313 682614682
166 314 617981536
294 315 303823430
196 316 73400674
262 317 717100629
263 318 835652258
121 319 850308483
53 320 926089252
187 321 850240962
150 322 13809109
28 323 55405630
202 324 88054906
63 325 932767768
107 326 318961698
199 327 566694593
324 328 66232435
322 329 10186593
274 330 777739808
182 331 731491165
130 332 126434147
97 333 188829040
120 334 536636528
63 335 582076538
204 336 88698221
267 337 526762218
17 338 312952529
313 339 209268969
263 340 952525441
16 341 21172242
205 342 594085653
47 343 121718746
11 344 542208812
82 345 902081113
9 346 298431711
55 347 23605452
230 348 934680421
327 349 239468612
305 350 251572013
299 351 786559078
250 352 106379000
239 353 442777562
71 354 600521846
310 355 672855313
278 356 499115969
163 357 529567128
308 358 986927093
133 359 458552412
74 360 635707562
356 361 701600875
163 362 846722152
120 363 64037832
45 364 937640816
331 365 105235872
201 366 125051592
159 367 234515765
97 368 910148948
110 369 503278470
291 370 34372559
184 371 916234430
174 372 427710392
322 373 479206500
46 374 949603782
209 375 648806092
71 376 3425138
254 377 76999671
185 378 928129643
33 379 336582565
108 380 444543945
88 381 612532342
123 382 38646088
161 383 653542478
264 384 376857784
211 385 311982179
293 386 37987433
125 387 944718870
330 388 379050870
289 389 585368012
122 390 214200632
383 391 471515050
157 392 437097420
97 393 920289410
295 394 689552223
154 395 788546575
212 396 551206761
29 397 556208055
40 398 100643375
182 399 243680587
302 400 71604183
365 401 888731500
296 402 488912077
327 403 280322142
317 404 109892090
377 405 901650301
318 406 952380607
270 407 394234841
318 408 921680070
98 409 459737791
313 410 423912575
168 411 597844811
55 412 501879634
289 413 270004887
408 414 68836100
43 415 80024165
362 416 921864589
241 417 102548248
197 418 507238737
282 419 131255963
326 420 953593246
3 421 793739898
340 422 258587965
295 423 484582
276 424 207531692
293 425 496533030
369 426 561023090
136 427 311596305
249 428 953463408
139 429 370458434
229 430 947803015
310 431 15256141
356 432 124270966
420 433 132960621
343 434 205707481
157 435 101156880
304 436 2155550
130 437 917790931
391 438 787904220
200 439 146044251
57 440 231014236
352 441 331912881
425 442 441987823
320 443 559972751
104 444 930143080
436 445 270267089
287 446 85946486
35 447 452646402
264 448 255843968
366 449 694243505
383 450 407372660
285 451 325884879
320 452 395329866
233 453 522788074
130 454 14467672
47 455 883702699
450 456 16442308
60 457 742551936
27 458 564157469
305 459 558914064
344 460 937988574
352 461 77279346
122 462 967220732
273 463 86668862
6 464 820565472
366 465 389648852
77 466 428829102
50 467 489982692
169 468 811725890
110 469 859909403
315 470 386635794
462 471 776708172
187 472 811744033
28 473 714024583
4 474 379333850
471 475 722718400
173 476 954636150
414 477 193773834
463 478 182439844
95 479 849954285
235 480 61355060
256 481 83459799
467 482 955136865
244 483 166859480
192 484 438729607
151 485 298089018
485 486 622897336
270 487 80959853
118 488 151606353
427 489 515575572
139 490 772955785
93 491 848262624
134 492 890808068
297 493 354481520
483 494 174995503
378 495 781285931
448 496 296555291
1 497 579051076
248 498 290704570
179 499 723587612
262 500 772679437
481 501 259832280
429 502 801506522
332 503 535250843
90 504 988292919
22 505 336569427
175 506 141636737
37 507 193873341
261 508 79384859
284 509 810725419
97 510 457823367
481 511 343247276
171 512 161789781
495 513 711103515
2 514 520725257
212 515 34444879
431 516 161400459
282 517 394014169
75 518 487585642
466 519 621052558
399 520 980091425
384 521 942159966
42 522 994970386
153 523 859205669
14 524 389420870
23 525 33768310
237 526 966975140
265 527 454139245
66 528 4346639
360 529 433775622
249 530 304966589
172 531 670992940
458 532 467530362
33 533 134306731
374 534 994272120
268 535 136027266
416 536 712981271
495 537 653640761
35 538 771769593
525 539 487339605
45 540 887810219
426 541 860951051
385 542 603156202
437 543 688582982
413 544 185365758
299 545 132574734
417 546 148128159
272 547 809215745
483 548 721091134
187 549 275807226
44 550 698881762
493 551 247275852
236 552 47570777
172 553 824847393
86 554 266279392
341 555 833047184
243 556 538327614
502 557 566424024
397 558 714121232
105 559 601503006
207 560 82398312
219 561 94852040
459 562 390161764
302 563 698701341
82 564 847590259
38 565 531648853
347 566 238859408
33 567 515884108
172 568 679841316
52 569 105770553
40 570 357951200
238 571 805243022
40 572 337848673
9 573 742795331
27 574 331706754
94 575 656489598
90 576 930892427
389 577 497147886
287 578 507925772
172 579 137339791
577 580 22874143
403 581 607020754
252 582 447913347
497 583 400680085
240 584 168669065
294 585 778908074
169 586 150301077
547 587 127931781
65 588 660850843
247 589 245152358
46 590 67541799
247 591 259179012
7 592 358016295
241 593 172004766
177 594 804692474
454 595 73974448
156 596 978333199
365 597 89300165
240 598 508932765
474 599 111550263
450 600 701463591
536 601 56738445
128 602 179642134
103 603 44947120
122 604 55397335
173 605 538083276
448 606 44257783
214 607 121373357
358 608 406105536
523 609 120732495
286 610 307755382
144 611 890880977
193 612 580734846
502 613 417367829
36 614 175194095
375 615 767269439
560 616 271892779
467 617 580938703
451 618 8678107
129 619 997060592
115 620 768501651
308 621 39530926
349 622 184922507
414 623 920066214
167 624 11831460
468 625 506858755
592 626 88022001
46 627 458191773
446 628 82953577
385 629 610940808
485 630 109510396
178 631 987321707
306 632 907250832
9 633 685454437
381 634 46662583
49 635 685037082
311 636 70175248
247 637 332956371
417 638 443021345
338 639 551158499
571 640 146337644
614 641 626955997
500 642 308273337
10 643 460665546
606 644 665740074
33 645 501890935
199 646 154849302
469 647 9169994
496 648 909989401
39 649 683061774
360 650 82172163
7 651 329365273
343 652 797699566
47 653 112477867
334 654 767860578
213 655 400606417
103 656 426686322
318 657 706106921
407 658 817742887
206 659 978702922
45 660 90895170
288 661 963766133
69 662 822322848
34 663 12877307
31 664 372593260
80 665 246513288
117 666 916554286
16 667 312145535
543 668 90716554
581 669 512523816
3 670 793292470
173 671 330324408
280 672 645725350
512 673 659971153
320 674 55720145
474 675 651983899
366 676 824300634
507 677 949908840
511 678 293718861
554 679 936484785
593 680 511241577
64 681 121077542
207 682 611392983
524 683 699598769
519 684 562879181
28 685 265719371
12 686 977769168
294 687 281183144
162 688 484991457
40 689 939479104
364 690 137377426
485 691 244875970
232 692 912245737
193 693 313334243
65 694 10087306
222 695 724793069
509 696 137849803
378 697 506673799
8 698 984126389
135 699 156385025
438 700 270911503
495 701 755693570
586 702 870664524
484 703 724691539
675 704 683063713
274 705 601400284
8 706 960666348
159 707 634635548
593 708 746093765
103 709 783909385
361 710 902821522
625 711 982542655
532 712 59605766
574 713 642430461
363 714 548005372
140 715 443254075
489 716 73436232
97 717 920113896
327 718 940857062
264 719 152273087
105 720 14008779
123 721 149394616
327 722 304982327
269 723 552619915
284 724 437032657
179 725 512289865
480 726 550264456
706 727 233041854
33 728 689081677
170 729 358635079
552 730 526804151
224 731 908520274
201 732 705869502
365 733 544341138
280 734 178472306
220 735 975680040
19 736 155320298
479 737 19672562
64 738 614137522
450 739 216411420
380 740 613854479
344 741 96057060
577 742 76050155
377 743 479021858
105 744 57087578
729 745 854735231
491 746 492062442
12 747 36648463
164 748 149438728
308 749 697174857
331 750 982636527
248 751 520392116
262 752 355478607
86 753 303292153
52 754 112357153
24 755 725819009
98 756 248404855
740 757 595363268
659 758 3491332
474 759 942103192
89 760 912042062
494 761 202019694
240 762 117642981
580 763 454552797
417 764 672174107
385 765 594992740
405 766 382131604
22 767 497800161
116 768 507965885
729 769 559742689
514 770 320795884
498 771 51567372
137 772 959954117
651 773 598688452
7 774 573832116
669 775 581573414
729 776 42662769
723 777 595011383
270 778 22261262
201 779 132420161
277 780 906324535
720 781 54278704
608 782 695314107
147 783 26066348
546 784 205687529
397 785 528635732
195 786 723887086
407 787 800716855
527 788 79650093
46 789 352319354
157 790 792713300
417 791 991872737
459 792 570002225
456 793 553230873
412 794 341481002
273 795 991731557
567 796 265580284
545 797 388778027
223 798 155638181
402 799 16690733
695 800 705686114
416 801 740325473
580 802 978045918
437 803 818447105
621 804 792963984
578 805 416210923
761 806 957175577
61 807 978602407
653 808 700000482
215 809 824473991
772 810 70000663
479 811 141803372
501 812 419764863
298 813 148991689
667 814 797942123
175 815 936728752
507 816 416041589
608 817 785717787
578 818 923129255
23 819 156816220
184 820 479964053
642 821 859319577
613 822 833627153
676 823 669350133
616 824 222271614
291 825 427625469
527 826 15062374
756 827 627853223
560 828 100010237
795 829 10230279
711 830 795043683
292 831 106613300
207 832 181562309
334 833 310205481
443 834 201528681
688 835 525817505
803 836 892565194
369 837 971148713
202 838 75575416
715 839 964852683
414 840 986839320
104 841 295152010
732 842 814423343
164 843 436728928
14 844 552366494
726 845 369934995
333 846 98950939
724 847 263528151
14 848 221395731
815 849 237721162
155 850 893271682
518 851 104417143
610 852 853708451
135 853 217061924
128 854 568581052
811 855 932163599
833 856 426909110
544 857 409838415
571 858 2837191
738 859 713315087
285 860 998559252
101 861 460162916
538 862 559798374
524 863 230539789
77 864 149941048
23 865 56634867
554 866 936832320
614 867 681565956
232 868 89134216
267 869 424857340
7 870 933058837
400 871 918168341
364 872 289369250
795 873 306333102
344 874 879606801
248 875 552442828
427 876 955414621
123 877 828192593
615 878 588813160
630 879 1439802
661 880 232026036
829 881 486999639
766 882 219126678
382 883 811915477
605 884 919709825
748 885 671008864
193 886 298826457
646 887 917769311
283 888 769700311
348 889 732918498
743 890 96266951
657 891 232505866
431 892 2999771
58 893 271927269
245 894 824463543
852 895 35599840
643 896 331441738
310 897 77864285
774 898 543681424
105 899 563862012
798 900 831585280
675 901 21192612
840 902 676564430
172 903 571123794
64 904 15580685
595 905 800604554
853 906 441919967
431 907 721078262
712 908 946325229
10 909 889249018
413 910 118888952
387 911 679794701
578 912 447448334
121 913 705931808
12 914 204987801
125 915 159553708
402 916 357181045
336 917 872017519
370 918 972224593
330 919 332526566
896 920 599699954
719 921 657201969
538 922 18757890
870 923 339056008
427 924 223802112
21 925 588388240
40 926 5670233
384 927 498054455
238 928 583390980
918 929 149281027
827 930 326296432
335 931 529984563
584 932 489581054
74 933 717222950
829 934 697659745
385 935 154643627
449 936 887913337
443 937 191495970
847 938 42642177
386 939 724270695
608 940 463889706
167 941 314168054
239 942 138390930
906 943 775194857
280 944 16208770
667 945 362677041
13 946 85826969
868 947 878499029
603 948 147180037
230 949 889730020
123 950 350504196
698 951 142199479
215 952 561251945
761 953 997605110
839 954 569280130
232 955 722854760
620 956 592083794
1 957 355246125
452 958 701761672
475 959 452256633
709 960 759949568
873 961 765508346
436 962 560111628
360 963 273700910
906 964 92245703
793 965 552131445
790 966 912837278
169 967 386200133
224 968 585575427
706 969 930499694
725 970 663230102
285 971 40541743
240 972 395409969
583 973 985788618
300 974 83777904
888 975 667658433
496 976 958011627
122 977 689504006
80 978 929690503
967 979 77931270
417 980 979152195
294 981 22235158
400 982 29426340
855 983 71111398
594 984 497273236
444 985 622373674
944 986 507481896
54 987 268333584
280 988 616252339
501 989 852579857
218 990 249716507
831 991 543757712
397 992 658437771
341 993 578367738
875 994 901499336
567 995 167613534
142 996 138878072
199 997 477673706
869 998 450800333
880 999 635822530
312 1000 402912547
555 1001 813609609
957 1002 626144323
618 1003 665802658
126 1004 41098097
182 1005 794943254
643 1006 743653507
861 1007 351059087
869 1008 276995385
424 1009 842735901
466 1010 585725831
994 1011 764178954
673 1012 52714477
11 1013 745424665
155 1014 643154114
730 1015 156621081
225 1016 491959749
442 1017 808977454
708 1018 904690233
577 1019 65533435
720 1020 698195329
768 1021 89119283
677 1022 51694004
53 1023 696456463
836 1024 222121545
555 1025 212216812
302 1026 254574501
679 1027 237483980
21 1028 70764775
837 1029 515836489
889 1030 216672190
220 1031 465018252
1002 1032 495204611
465 1033 531768712
962 1034 306324872
660 1035 50715876
510 1036 310295185
226 1037 151401738
176 1038 137562583
220 1039 248227632
933 1040 92083266
523 1041 20047853
629 1042 289356559
480 1043 358979446
1036 1044 92956828
311 1045 631589277
533 1046 399789856
945 1047 870777307
897 1048 75635937
283 1049 999922012
865 1050 852364516
939 1051 238997359
664 1052 748022101
152 1053 229681592
100 1054 90773647
963 1055 97785161
170 1056 790870017
725 1057 234547382
896 1058 80397548
466 1059 145380612
379 1060 468342762
728 1061 335499745
209 1062 726093768
103 1063 615643434
384 1064 461339421
533 1065 36206864
877 1066 371236036
241 1067 328879989
875 1068 370636022
460 1069 857359170
80 1070 888987155
270 1071 496782933
843 1072 925493694
1002 1073 465116450
953 1074 177373493
767 1075 31761968
904 1076 239983300
316 1077 366365222
184 1078 573538763
1009 1079 472839476
715 1080 302606804
211 1081 201098471
833 1082 341799617
237 1083 498133678
334 1084 793572743
711 1085 26361659
904 1086 163153528
269 1087 67449771
416 1088 106991256
716 1089 94538461
327 586 126300429
572 964 346078492
66 706 919617254
414 745 807011789
956 892 860626611
13 435 243121422
43 688 36694164
826 923 424286764
373 417 491736534
429 697 876819106
244 328 872398737
252 900 960478020
1077 965 719667074
310 289 951695603
1033 550 397803175
744 956 185710363
745 999 686053189
675 735 212757673
1059 19 115123099
740 841 124479780
605 389 123233914
360 640 52069049
1079 1022 982383111
324 636 601217458
708 579 211178894
894 627 338626609
819 677 334210631
342 262 700907454
92 626 306903310
652 276 240845419
819 185 597272240
225 938 207516907
530 927 565141558
15 556 147312503
183 568 56008826
899 372 709406193
787 495 350626026
584 141 16362488
421 232 130902341
275 883 891014823
669 612 173519039
1058 837 850813725
302 671 588409606
961 686 105973754
77 173 355201772
165 1071 733896834
184 74 132802006
880 657 532937772
53 382 999578156
940 1051 352878960
712 630 717319963
668 598 216135079
472 899 901393356
508 75 460510607
404 151 494704290
172 315 67669650
1006 499 518033296
550 289 32522210
628 341 312043844
937 585 516017861
1039 207 885289679
363 874 17131536
522 650 971576692
263 463 166283054
1083 171 43530422
291 343 216876675
570 653 543211655
921 508 78194091
145 46 985670118
840 983 249058428
406 237 906857491
996 599 837619049
6 32 892156827
308 688 806364077
684 1076 391247256
122 277 296975432
269 846 962478142
218 678 373073742
456 822 356667299
732 966 470386025
504 677 214592527
875 583 11639470
336 588 372629230
446 895 903987866
323 490 66225983
370 611 206564222
65 184 687639530
412 796 880001553
177 162 668688852
1076 198 365745272
479 701 634672320
813 881 213276026
1050 127 971204279
624 572 585066472
885 199 516112956
43 962 512906856
566 1026 792324845
846 348 897578579
19 524 759378500
408 905 363394726
673 294 811202035
525 411 9657919
264 765 648897778
591 299 473594790
724 488 142629383
650 530 194732461
98 7 779395806
518 157 711613913
249 176 216976873
930 977 652151986
325 560 487525276
119 389 937689269
400 652 719316139
111 548 352518762
788 182 593801357
573 831 361906256
231 234 715914034
915 56 490947868
162 304 272042013
1021 144 727885321
306 862 76739415
972 981 100760262
265 685 718256591
322 795 900432681
1071 493 84871355
524 1066 787685569
113 207 374298529
495 426 637035080
640 587 325990152
659 913 200542246
565 129 624086085
1030 405 112856409
99 669 823994784
214 295 111431692
875 671 448761921
629 105 126098503
912 611 43206602
339 17 979482022
910 656 646538677
1089 620 113869790
717 95 33627347
512 430 893336623
591 528 335719592
266 46 227576038
735 921 773941076
1001 854 421132414
549 676 678539954
697 319 114594083
575 139 72759020
1040 532 825076776
633 554 804465375
748 370 235147880
179 960 922917256
1066 136 586030092
764 175 829951774
438 87 887037304
216 1029 250004954
998 1030 440636900
314 515 948484573
1073 466 99538125
968 403 241823448
656 456 704459331
380 634 452818534
330 1004 458379490
325 678 537606592
152 420 139261762
136 1029 241959854
796 938 888907469
1078 162 912102981
410 145 810601417
1061 417 698272566
782 1072 756227423
177 756 730318962
531 1085 956266774
326 321 514163249
991 866 177949461
351 1001 221274177
740 12 322677349
373 395 449269412
127 804 821293033
45 80 821374043
760 861 401461464
446 1037 796703177
71 872 635049139
3 109 502529443
613 404 81612214
948 59 406818404
828 103 285702021
950 476 306383614
144 996 269864107
965 1041 275681624
24 711 565659612
548 461 549290105
44 925 679391637
1019 928 414343696
529 451 144269226
905 309 8429988
103 441 101302189
795 301 311793296
98 838 404522641
203 713 42607993
388 41 924321917
737 983 805891836
1034 1026 122669414
812 260 125888722
698 789 34745712
292 604 27189843
1033 11 177011645
93 110 954372112
323 207 366089713
854 410 528424774
640 102 967784043
48 838 85628982
310 782 531179119
407 898 939483594
343 506 518104552
428 797 643621503
821 46 280401906
265 532 9115077
705 160 988660983
592 1013 341420081
797 563 490557643
348 1004 854249632
881 224 834302506
656 1025 110107899
690 672 948525860
423 10 641309260
64 135 49404440
804 400 274113588
564 409 479746350
925 1000 70825367
1000 12 794991335
87 754 576566172
12 939 221441711
718 505 852287367
537 105 447508213
167 921 894366312
594 984 220051507
370 3 749059089
678 961 993310226
56 796 466378278
840 12 696688018
403 98 209572545
274 109 238144488
368 131 166099316
398 1062 637953328
403 139 319294721
418 37 558777703
961 407 784287825
119 389 857456517
79 839 619461113
1038 983 411721692
224 690 429828600
164 963 675515118
1042 242 540632805
246 1033 282773209
343 346 555494893
967 68 147590763
790 1028 960981612
1009 451 269781027
706 529 701219004
897 477 883669965
705 701 759608894
1004 864 610634664
717 121 953156283
561 366 197010173
770 709 84671843
29 980 215540307
808 1074 809667073
903 993 616111227
692 1003 333215700
624 810 722326063
844 819 37679391
270 39 636331876
357 755 756428005
686 620 416583446
957 695 254751525
485 723 590226963
475 835 686820166
403 649 476302606
86 645 816130801
298 574 30798565
292 328 679511239
985 991 44613773
63 258 654137636
1044 943 48715634
607 811 511120974
183 600 449364900
43 1074 11038176
976 781 9638764
423 867 714947690
478 469 680700310
1041 760 938050236
245 1050 804155417
576 23 37134165
573 371 590142761
888 978 365224083
808 465 447049973
361 508 51160736
54 788 987223446
789 121 576382032
385 992 299335841
553 249 583443641
354 493 613868469
449 1069 731974905
802 946 841674601
1009 744 212067355
635 462 245388339
861 127 236897218
377 575 873414157
1067 274 631241763
445 1052 179027186
291 910 547568992
596 174 268894771
861 622 92650998
59 335 820458957
717 648 206066985
567 193 908079703
187 359 933411066
314 40 440582898
928 17 144266666
573 461 759410058
514 56 819229737
9 652 114292290
691 423 448753134
657 876 7230080
873 503 937414945
743 374 752015459
379 955 898081595
141 573 131806792
872 411 735381791
787 288 137704975
1058 107 343144889
61 115 82628820
325 805 822541588
910 766 294858098
346 549 193769302
128 202 731342555
103 580 152966194
829 25 548053788
506 896 642535847
592 593 215137779
50 956 297403123
652 1016 436900870
515 645 755042142
800 466 491961584
177 116 173150856
55 244 299644238
6 740 337070488
517 873 366324320
906 683 680504982
616 186 276395493
1007 235 913405909
22 886 115798671
633 705 145349716
960 415 155844882
267 591 301997896
123 1040 226256405
573 1045 680635868
514 867 563217879
479 683 858325583
250 603 153857121
1008 520 735001116
937 935 649935160
792 479 981288072
203 743 404117791
866 314 213282416
162 436 602551247
489 1009 8299542
466 827 730977143
621 216 23670541
369 859 676399230
302 83 609333693
469 324 267360699
826 27 792413823
103 623 87018854
883 399 200686432
470 955 749018355
401 354 589207918
288 125 58325608
345 745 817663040
390 24 105274252
642 325 345038383
24 98 450361341
1036 228 537041797
46 330 455462170
888 123 656434638
954 987 146989799
760 298 5900409
486 979 61285984
342 629 728880754
808 1018 572043005
348 964 39597153
1059 988 424093369
1004 239 670434108
281 284 612423793
179 82 506696567
870 1035 566534844
337 706 394489870
158 496 998861188
496 142 668174995
96 949 721069128
506 601 391491872
152 570 583744216
983 485 122735914
953 70 95848085
556 248 147648637
676 29 773791299
693 365 280843480
313 916 258013098
216 323 911109408
747 812 762828155
511 622 918443588
149 773 722994091
80 667 479357355
248 924 724575177
5 390 766626078
933 1066 261944696
22 1063 210037181
905 286 616803940
499 895 248563662
628 946 834197100
617 761 945747259
118 910 475327642
582 294 699547971
835 935 436326001
68 940 3118229
637 783 906621220
540 804 713369817
112 1013 670370243
993 422 629000035
413 1049 404917837
643 971 424225478
406 393 78414831
247 279 951230111
58 24 17923584
399 91 226859685
828 32 20654347
144 965 878131572
916 381 932651191
190 285 442226301
359 697 317966309
778 644 175215722
474 355 79901775
779 601 460051262
287 658 647537889
730 361 366936832
1023 99 384874169
1009 636 815810946
14 463 869784345
31 652 16114656
863 315 503365541
566 3 165734099
543 871 801483941
218 560 738459060
170 846 676207427
146 487 903571393
605 420 423669188
401 734 143122029
768 52 480332438
820 83 105670657
461 945 648136719
