1000 0
1 2
2 3
2 4
1 5
5 6
6 7
4 8
8 9
9 10
8 11
4 12
11 13
7 14
7 15
14 16
9 17
10 18
5 19
15 20
11 21
17 22
22 23
21 24
12 25
22 26
24 27
25 28
28 29
24 30
3 31
20 32
20 33
12 34
10 35
14 36
29 37
15 38
27 39
31 40
3 41
36 42
42 43
39 44
38 45
30 46
34 47
17 48
37 49
26 50
31 51
47 52
16 53
51 54
39 55
33 56
53 57
37 58
41 59
16 60
34 61
46 62
32 63
40 64
19 65
51 66
61 67
30 68
44 69
49 70
44 71
46 72
62 73
54 74
29 75
23 76
61 77
27 78
66 79
77 80
55 81
49 82
42 83
64 84
38 85
28 86
33 87
54 88
66 89
50 90
73 91
13 92
52 93
41 94
63 95
53 96
21 97
58 98
96 99
91 100
36 101
100 102
18 103
87 104
60 105
80 106
103 107
6 108
78 109
96 110
110 111
69 112
63 113
98 114
95 115
74 116
25 117
40 118
87 119
88 120
52 121
108 122
64 123
94 124
94 125
92 126
67 127
114 128
35 129
109 130
58 131
128 132
127 133
116 134
59 135
135 136
67 137
99 138
121 139
122 140
137 141
111 142
98 143
120 144
134 145
107 146
132 147
85 148
119 149
127 150
13 151
112 152
81 153
69 154
125 155
107 156
59 157
124 158
115 159
106 160
139 161
119 162
106 163
121 164
108 165
113 166
68 167
57 168
147 169
148 170
97 171
76 172
35 173
169 174
131 175
147 176
129 177
172 178
91 179
130 180
112 181
134 182
72 183
162 184
71 185
129 186
166 187
109 188
180 189
32 190
152 191
97 192
73 193
185 194
110 195
141 196
48 197
188 198
148 199
183 200
141 201
138 202
130 203
189 204
200 205
136 206
201 207
23 208
132 209
101 210
151 211
79 212
136 213
125 214
197 215
200 216
93 217
113 218
156 219
160 220
123 221
177 222
179 223
104 224
116 225
71 226
105 227
150 228
149 229
157 230
188 231
183 232
86 233
145 234
189 235
144 236
226 237
135 238
70 239
146 240
178 241
165 242
228 243
196 244
143 245
48 246
90 247
199 248
26 249
88 250
216 251
184 252
169 253
239 254
208 255
220 256
219 257
165 258
245 259
257 260
239 261
43 262
182 263
178 264
47 265
103 266
228 267
180 268
50 269
252 270
160 271
179 272
263 273
123 274
196 275
173 276
149 277
245 278
259 279
154 280
184 281
170 282
272 283
210 284
272 285
249 286
186 287
201 288
185 289
155 290
133 291
187 292
252 293
223 294
278 295
99 296
137 297
211 298
120 299
251 300
284 301
198 302
166 303
145 304
244 305
139 306
235 307
257 308
292 309
244 310
102 311
275 312
238 313
308 314
263 315
253 316
288 317
301 318
195 319
90 320
118 321
295 322
104 323
278 324
65 325
241 326
236 327
254 328
315 329
294 330
323 331
213 332
300 333
177 334
55 335
306 336
85 337
100 338
303 339
80 340
313 341
298 342
304 343
248 344
240 345
117 346
308 347
253 348
269 349
316 350
331 351
246 352
156 353
267 354
354 355
340 356
155 357
93 358
115 359
282 360
208 361
246 362
133 363
338 364
269 365
361 366
204 367
262 368
230 369
150 370
255 371
242 372
358 373
214 374
294 375
261 376
288 377
140 378
276 379
186 380
173 381
289 382
348 383
383 384
270 385
198 386
347 387
375 388
333 389
296 390
128 391
205 392
326 393
271 394
212 395
206 396
195 397
218 398
250 399
138 400
369 401
232 402
237 403
164 404
295 405
223 406
231 407
335 408
293 409
346 410
378 411
328 412
304 413
364 414
334 415
334 416
318 417
62 418
247 419
240 420
219 421
249 422
45 423
231 424
199 425
60 426
357 427
105 428
392 429
176 430
365 431
423 432
291 433
389 434
419 435
214 436
396 437
435 438
287 439
398 440
388 441
437 442
211 443
146 444
350 445
355 446
154 447
354 448
316 449
279 450
286 451
151 452
319 453
414 454
449 455
170 456
394 457
216 458
417 459
164 460
235 461
56 462
366 463
312 464
292 465
350 466
379 467
331 468
339 469
410 470
144 471
468 472
353 473
182 474
267 475
194 476
375 477
338 478
437 479
444 480
459 481
255 482
427 483
363 484
442 485
191 486
232 487
459 488
377 489
431 490
408 491
343 492
309 493
280 494
279 495
213 496
254 497
380 498
385 499
370 500
385 501
285 502
75 503
387 504
313 505
19 506
65 507
455 508
473 509
392 510
268 511
204 512
488 513
172 514
390 515
226 516
68 517
480 518
330 519
424 520
262 521
286 522
399 523
342 524
83 525
322 526
74 527
161 528
431 529
475 530
256 531
531 532
330 533
261 534
399 535
206 536
18 537
293 538
401 539
370 540
453 541
167 542
531 543
446 544
422 545
497 546
352 547
291 548
450 549
386 550
224 551
453 552
387 553
480 554
396 555
315 556
322 557
339 558
487 559
434 560
383 561
428 562
389 563
303 564
203 565
142 566
181 567
225 568
408 569
290 570
477 571
451 572
191 573
247 574
212 575
281 576
465 577
230 578
557 579
309 580
520 581
77 582
161 583
407 584
118 585
384 586
376 587
298 588
218 589
432 590
488 591
461 592
299 593
467 594
126 595
455 596
251 597
562 598
484 599
329 600
413 601
432 602
386 603
549 604
543 605
81 606
379 607
111 608
159 609
595 610
489 611
598 612
410 613
551 614
312 615
321 616
530 617
368 618
84 619
337 620
236 621
501 622
558 623
264 624
449 625
603 626
447 627
452 628
378 629
122 630
319 631
434 632
348 633
509 634
83 635
551 636
210 637
305 638
302 639
615 640
485 641
490 642
307 643
526 644
619 645
194 646
576 647
500 648
503 649
323 650
374 651
616 652
492 653
142 654
366 655
646 656
359 657
553 658
114 659
476 660
124 661
43 662
433 663
302 664
461 665
394 666
225 667
250 668
562 669
535 670
445 671
175 672
482 673
337 674
393 675
398 676
217 677
544 678
662 679
446 680
451 681
458 682
574 683
656 684
369 685
677 686
588 687
202 688
527 689
619 690
176 691
152 692
285 693
423 694
665 695
518 696
205 697
456 698
438 699
167 700
667 701
57 702
326 703
355 704
372 705
509 706
409 707
548 708
608 709
321 710
349 711
297 712
602 713
287 714
192 715
248 716
401 717
525 718
187 719
397 720
616 721
675 722
465 723
565 724
546 725
536 726
238 727
391 728
567 729
672 730
553 731
543 732
718 733
343 734
504 735
686 736
458 737
418 738
365 739
677 740
726 741
492 742
506 743
503 744
203 745
276 746
555 747
576 748
406 749
719 750
647 751
579 752
126 753
513 754
168 755
274 756
564 757
650 758
754 759
632 760
289 761
597 762
512 763
311 764
548 765
533 766
552 767
258 768
411 769
767 770
260 771
174 772
595 773
471 774
299 775
556 776
478 777
525 778
687 779
507 780
469 781
688 782
726 783
589 784
598 785
368 786
655 787
600 788
567 789
229 790
785 791
672 792
584 793
767 794
215 795
502 796
351 797
153 798
793 799
568 800
722 801
622 802
654 803
711 804
429 805
499 806
761 807
665 808
703 809
271 810
743 811
367 812
499 813
535 814
746 815
782 816
571 817
479 818
174 819
770 820
324 821
716 822
373 823
495 824
666 825
687 826
802 827
692 828
268 829
456 830
411 831
794 832
508 833
610 834
594 835
416 836
402 837
735 838
489 839
513 840
515 841
747 842
496 843
791 844
571 845
803 846
675 847
433 848
374 849
522 850
56 851
482 852
780 853
821 854
735 855
515 856
270 857
335 858
631 859
526 860
599 861
92 862
545 863
243 864
769 865
222 866
814 867
140 868
693 869
445 870
834 871
158 872
683 873
701 874
850 875
808 876
519 877
714 878
704 879
422 880
220 881
815 882
745 883
819 884
757 885
363 886
472 887
686 888
473 889
471 890
202 891
634 892
823 893
444 894
283 895
296 896
483 897
546 898
824 899
756 900
858 901
478 902
421 903
863 904
477 905
734 906
611 907
821 908
723 909
875 910
163 911
654 912
748 913
190 914
538 915
613 916
849 917
738 918
537 919
608 920
435 921
870 922
761 923
607 924
314 925
604 926
810 927
896 928
730 929
707 930
640 931
738 932
474 933
725 934
799 935
364 936
749 937
264 938
811 939
708 940
869 941
889 942
468 943
413 944
377 945
510 946
463 947
901 948
416 949
508 950
550 951
807 952
664 953
573 954
658 955
858 956
528 957
934 958
714 959
906 960
705 961
158 962
550 963
783 964
894 965
801 966
472 967
403 968
652 969
763 970
256 971
718 972
895 973
650 974
356 975
960 976
917 977
75 978
878 979
742 980
903 981
794 982
882 983
521 984
486 985
498 986
547 987
955 988
529 989
939 990
372 991
336 992
652 993
497 994
912 995
483 996
602 997
487 998
485 999
759 1000
