1000 1000
23534 25092
48286 22402
91422 69579
94310 58375
82241 19812
37010 93247
33431 5674
44308 70258
38719 86364
53959 51260
91000 45143
55347 39886
94765 92211
74048 9551
402 14133
39225 56943
95696 40287
9866 3862
62236 87117
23280 4175
13773 44476
66501 76641
46899 47203
49918 10809
78420 1969
47112 20229
76466 85772
77982 18810
28360 87582
1715 68381
25323 45113
85400 57291
61152 37370
40838 95265
99439 23387
84215 80469
57110 13211
76765 50715
77875 20360
22328 43035
79615 72647
58418 85791
4601 56080
43662 52751
21132 49312
10777 45376
2666 62806
176 96176
7792 63817
3555 41013
21482 7230
36792 4121
54836 94943
31654 29908
89294 49062
21708 53981
56124 68908
24988 96477
49228 77076
42739 68649
14024 70359
49516 53515
49690 33041
96857 49691
7056 57481
81062 16763
20884 44889
56183 34205
80465 92071
57484 87836
58168 69758
38666 79192
75668 14291
7718 63653
48653 41247
27957 50457
3971 62676
12068 77473
43515 70013
27493 25276
42038 66922
11810 24907
75463 62921
71343 67992
55827 55927
25685 28827
24370 13995
44637 80702
44354 16389
57636 52355
2811 9358
88385 85592
79416 23133
93145 452
25727 22931
89852 36990
78248 67764
47037 18014
2357 53710
25989 34731
63557 74536
88530 51673
48726 87926
4315 49518
18224 9431
18788 78302
80245 37386
60519 7172
7623 59661
82591 53663
7004 33349
17464 88794
6807 85251
38961 80852
15583 9164
83699 64949
32973 95491
99769 88580
54449 81698
91128 20435
98736 72673
26410 26267
33438 78980
38640 86928
56943 41060
90760 37582
26376 63946
65549 24575
21779 49534
75049 20861
85809 53713
49203 75099
63678 35133
33182 48971
85757 34479
23503 40661
66927 84492
79824 49912
53192 364
57775 34815
72397 10134
90431 64886
5812 15124
81009 55979
76839 27590
81302 56058
31156 78999
30483 46857
12179 11186
62016 63664
4324 97936
98779 85518
35429 87602
87965 78602
13417 88620
15105 62091
26976 2165
17288 5536
77866 49140
76729 98296
70705 71057
66407 74383
37591 1861
29398 96890
76905 49769
64056 91413
76930 97581
85182 62835
57788 28710
17330 89499
51589 71204
73368 48786
70673 94917
44056 7007
21655 48539
35947 37136
27870 92359
10571 18705
31946 65460
31581 39968
47732 8851
6431 95636
74822 41013
69723 7964
97462 32610
3813 3404
52189 65403
76671 93533
539 22862
87752 37078
74213 22193
30904 40050
58754 2083
83894 41474
97794 90700
99550 15474
11110 45525
86538 22332
46647 85931
18540 72612
92367 60461
25863 38705
32237 44555
83768 18885
55962 49127
87672 71519
27920 46526
64960 18575
60048 86674
77373 48854
64327 57841
19718 93274
31957 75436
77719 22607
95218 78603
39063 12610
51314 87584
48490 81277
16513 99902
49029 48610
36480 72474
19000 36700
55274 64400
51073 311
49164 31673
89514 44797
38070 13491
5278 9231
48189 86378
81332 99348
11958 43406
47341 36747
34375 79623
79525 12182
60791 50888
23361 44905
81604 97271
61670 58712
59023 53229
84901 29094
73890 24538
38028 74414
99996 28311
31040 59658
75357 48184
7941 12371
49117 87314
66937 71633
83815 99844
50731 62813
7717 60957
74579 74091
49155 5672
58900 52600
81693 8177
32714 43800
34566 71934
244 87094
63103 50913
15449 47635
60006 38459
42125 39741
11374 25474
25317 25413
88225 11540
72496 76047
66490 12293
17964 63427
16026 15644
40172 93215
53366 97719
69652 89237
92682 87931
55196 86248
50234 55784
10595 86996
26736 26591
52065 52719
78131 38109
66000 93733
86132 82707
94999 54848
18274 68973
968 29314
22528 34299
48369 41139
46727 75893
80176 34373
20620 55761
11544 35371
38718 87205
13796 38490
91208 65453
19914 82212
75944 85690
84748 85913
40760 78427
47399 79746
25411 75385
9684 64718
22208 47938
40183 58052
8776 68935
24695 20358
72080 45747
32952 52590
7432 10797
76249 46747
28958 98639
681 96162
98427 21253
99680 85428
81526 55538
30923 63430
28148 23288
71226 40606
15009 50355
35641 27760
48117 23785
69531 76687
45629 36548
47344 18834
65580 53060
68050 39944
52458 94537
15790 68730
70510 50884
6421 31821
11602 68387
91674 37343
94300 39749
6456 79251
7010 25661
65797 58448
35135 71478
8025 51679
70513 80763
33822 55368
11664 36092
46981 18223
86953 64121
15004 79122
27294 73814
42200 37776
91471 38895
94996 50225
29476 2122
44134 17803
76250 52837
24315 9930
77961 27736
8498 32339
4059 64825
916 58671
76894 32074
96194 64248
59721 80198
54011 27549
81676 87014
25909 12562
79138 73146
91620 20904
38706 8613
77802 35753
62035 31307
59043 18468
67158 39995
21171 83892
42563 71216
3289 38438
2686 35808
32357 15834
43382 62406
49420 2719
15280 25058
14555 91680
28935 94417
19382 6174
58279 83992
15298 13535
32002 36665
76659 90692
74584 99159
86727 14181
52618 33498
69305 6367
22201 55303
34061 18013
20731 81934
23343 99832
7863 36010
46778 37898
60423 36797
37140 82511
96045 35053
71717 68789
59481 28046
27205 64727
78907 34064
67561 13931
20297 31525
86827 53217
71229 58849
40783 37239
37070 91959
44320 64125
18374 44932
98080 7449
6312 95149
30201 35219
4008 2356
46754 1918
66644 63488
13903 73958
4240 61903
93427 97815
51031 40888
99737 96605
33844 38611
46921 40519
20995 87265
48549 7592
31392 39369
50869 46628
98199 37703
40059 81069
99338 2206
82045 86812
77121 65982
44236 12299
10113 81360
38599 37662
50618 77495
16105 38335
95205 84461
88078 79377
86968 32552
88272 36626
83253 18359
56062 39140
20208 81451
8 12472
15635 19546
1879 98404
10702 92755
90466 46114
127 20814
98308 29064
83751 50744
51557 14412
10140 95307
27858 39634
76259 97107
31818 32481
71620 75863
73666 87879
16702 8180
44077 90025
88429 32336
25090 45955
8420 99130
19944 31907
60970 8546
75641 34603
65367 61072
56379 27197
66830 75506
72613 588
33069 59440
51655 4430
8660 21040
29219 25320
15344 25361
74048 73295
35601 3772
19254 99137
31043 60372
85269 39197
73799 8364
69436 60910
88106 55517
31023 42166
42753 71288
47079 3635
24416 92173
13213 98733
24052 33075
74787 58783
32078 55748
75871 48834
64322 84030
44402 95124
50672 11716
36431 29670
6931 40823
96339 5866
64383 95037
82676 27361
47347 23488
32012 29754
28487 71762
21188 45224
4007 68890
40989 95974
61159 52436
52817 16860
28335 25480
53547 97218
43240 79007
36181 89978
12195 50170
61558 32519
76232 76578
16417 44233
73987 23578
11692 48428
10004 18825
87714 32879
45205 30362
82797 28703
61914 6363
48195 35613
49183 90248
85606 18093
8070 92422
58943 21786
70657 20265
13194 20501
64733 46888
86817 29610
94389 55071
73895 98508
47739 4392
34753 77961
23015 92943
15657 33901
85866 84928
91527 80203
98296 35048
43821 77133
98918 6365
42981 2763
23263 85926
49165 72526
18487 4348
59418 35982
50841 12876
17267 49665
27625 98579
91521 68372
2272 50639
35566 23530
3732 88137
39536 27092
20576 2027
24744 83356
2471 35846
21771 84076
56602 42085
46432 70936
6917 75088
4315 22202
71866 74109
72688 21582
89953 15842
66480 64208
4089 92224
96713 18397
61840 7821
9847 36248
35956 82416
18261 50942
35018 54778
96862 56383
27318 7971
83058 59646
98199 50586
24695 87373
25306 70064
2257 13734
77941 31610
40185 68736
3484 98382
6202 36897
89497 65323
64090 32400
83342 25452
96581 98702
55085 34711
42681 93442
69439 98754
65692 42090
45814 67637
54052 6738
20471 87471
19080 56308
41395 14763
13144 75617
28865 44878
26553 19345
51745 18361
60164 90642
5696 51438
2500 56744
66538 77132
75885 45180
3621 35976
19965 41576
64665 65787
53257 90368
63028 85135
99898 88689
64305 4422
65652 13041
48738 93169
11530 8556
15549 16834
68271 88045
44789 21244
98375 87122
48653 27678
80005 90612
48539 52273
18059 99969
6689 13204
98338 71316
76356 69716
90489 14587
27628 40660
33828 72492
81047 76365
9550 61709
49754 96596
34191 94172
81293 10894
38571 48918
39529 29945
82217 18575
34896 88067
1270 16628
4295 41584
27651 15960
30546 80650
21309 34491
6983 74525
67241 71488
33197 4381
17328 76790
70961 99302
10195 51519
436 52253
98549 65117
43 56316
44382 80766
13745 51290
92873 62004
94315 18039
15040 36875
71366 24860
15737 36348
24187 78348
99080 82977
76119 73735
73036 16408
67926 47079
15684 99582
81050 84713
41028 14232
11349 81093
32382 1761
63764 25093
59483 41607
78481 58078
99290 74522
27221 66198
44545 15026
14354 51408
25142 43625
76384 90472
53903 14530
14111 44309
45373 69586
169 11513
92605 86400
88160 11518
52962 41338
99296 68276
26353 12445
3318 77777
60326 41994
73371 46891
14650 21223
81199 87725
78196 56143
70672 57582
1890 32098
18035 1135
12647 63614
50013 18204
29721 21603
62940 54524
22799 99034
27830 62236
56364 65504
23849 31148
94390 16689
37911 97220
84944 9039
65181 19109
93042 79491
27941 52205
53339 11283
74896 45975
64178 82337
3939 41260
95784 10250
9284 83230
61817 34934
16789 37113
84612 34532
67573 40638
37857 79001
4391 21835
57296 39152
34994 85924
38128 50337
61620 62934
8909 91466
90154 36515
77775 73086
99688 94092
93673 89910
41195 8971
62435 55490
90021 57984
14973 63399
58751 57593
79428 69181
8332 63142
49065 36723
3411 43325
22611 87192
95009 65030
17897 31519
20956 85162
95605 12023
1932 20643
45965 89277
61118 59478
17461 24752
88150 67491
41435 48785
17965 46900
26393 20862
73936 42648
2325 75457
79000 93699
58728 24935
72805 90360
91873 76624
4998 93760
30755 3829
93106 6929
82759 93071
17822 70575
38065 16571
65356 22323
85575 79500
16713 83320
42320 11967
3776 7001
699 44644
85930 99127
89487 75778
52402 58734
68845 97711
1540 57399
80680 99599
9022 10997
81571 63438
80008 43195
65518 19636
15487 61715
45035 51092
79410 32199
39199 3706
64701 83185
82312 56249
32027 50630
9363 88150
85860 780
74530 94559
10510 87399
98395 55209
34998 19531
62725 96318
15953 31358
93072 44594
12037 47791
79989 54458
74515 91447
74631 35540
8140 39215
89844 73294
61443 40166
40945 15558
10117 63655
67405 31827
87035 36978
56508 65800
78469 38385
86094 35584
80178 10773
58563 95517
49975 8566
12 54903
90442 40841
80056 90995
64288 14934
55099 69899
1809 42083
22089 12396
44222 28277
65254 89493
71644 47608
2344 38113
73696 50112
60884 88437
83954 70225
78791 19446
74349 50280
91120 78802
69796 81142
12427 87527
57426 50436
8870 67526
96273 75586
3862 30958
20450 56846
4453 69115
7227 8446
58557 23149
11585 97274
67499 35793
55238 11890
78521 62641
41442 45938
43432 85993
73519 27590
94377 55858
39735 47296
22881 19598
50555 52359
9204 26742
95856 87356
95801 30009
53157 19434
16708 70710
6502 81093
92983 558
63198 78091
40381 87855
73847 20991
64932 83812
56021 63718
11013 59308
78905 12108
64466 33894
76987 45811
33167 73670
3678 89195
8628 45319
16028 56834
37926 41687
42244 22529
620 47260
35115 5441
42784 41000
41163 25313
5382 7715
83375 13535
25642 16395
66640 62279
24442 90108
80129 59978
49172 73960
19278 158
56991 74152
32190 51658
74186 11268
74880 74434
96226 91157
48508 26346
68010 39009
63076 6022
19557 73392
89786 46450
25080 61550
68009 72777
32754 49521
39832 48137
48294 98278
72429 59110
27119 21636
49256 4618
95403 17656
8813 40487
66832 7981
63341 73672
79694 34841
8232 26416
89217 15602
77151 14369
87145 14297
80169 61512
9648 36251
34528 20001
95462 74294
12281 23308
44277 22580
40235 77888
18374 39680
64012 65399
55423 85205
20046 43704
86472 35116
67069 44629
58998 75688
6336 60571
22082 46142
82392 2857
22857 31730
22375 33271
56578 34670
73601 51007
28895 855
56886 30187
11938 47268
48825 20897
64600 67360
18827 85222
29850 51071
43111 85895
46465 5199
67693 49446
52302 68547
16628 50084
99707 91510
42531 55354
6360 56284
57138 16131
46318 51606
15226 14023
51271 74607
41966 64050
65623 15871
83293 60792
46686 95472
17023 26403
75849 9502
94400 84715
51150 44502
36012 11027
82732 50856
7140 78542
94673 89092
57049 80629
94652 57342
48300 72274
52675 45922
78144 90265
51056 18297
30121 61437
4191 14093
39946 47143
31857 96391
40893 34346
61724 83006
33862 76904
55445 44456
49899 41001
37981 66469
40162 6947
95573 32632
94906 88461
95077 48247
66544 89401
67189 62484
76576 96664
43806 71380
67770 32874
67219 75662
58667 8662
1917 28942
89749 8880
66232 73714
56534 55999
79298 4213
53196 96696
1508 74870
1847354
122108
612666
536510
205486
975047
1721020
118939
1068218
291883
1162005
401082
759092
754289
1467738
1084517
1929394
613115
1486232
137937
1519622
1759792
703919
875266
1516246
225318
554324
129324
978479
1946099
1047266
825833
1485690
1077414
779825
1591176
1952461
500844
1610116
1020678
210210
289602
1321760
386784
943892
306979
1371301
390767
820095
375014
428704
1757199
1552288
550105
632464
586016
192905
604271
132822
1071385
550369
597570
1314700
1936059
1574984
1994525
1044717
1527445
1912851
654832
1965605
1540543
361916
804847
1827327
723290
1011826
716110
1014057
1249403
991124
860244
1006601
1960895
827831
1056548
546910
920737
1560819
1997215
1892122
111187
594785
724303
1464729
1587251
236309
509445
632177
149159
581759
597782
1589703
843675
820111
934511
1466966
1731937
1550621
481022
498822
541745
758748
1405423
1920122
1486580
461970
467031
1824799
1922789
1881728
1716920
1451459
476512
441222
916187
1481246
577531
843114
113422
144172
1324873
128686
1151357
1586030
848797
1985869
1052995
580734
1536489
951500
979556
1495716
1127730
1802461
1415837
614309
264431
1300350
439107
1604702
1182078
1573509
573642
1076072
1432213
1389829
1974800
1427226
1650425
1988223
988881
492779
116908
140237
1978810
865706
1543588
549286
863922
1080077
918268
1260960
1993275
1945999
1063420
926594
1977790
1227851
226943
1834380
350035
826503
925370
823677
1320058
1775066
1630989
1294857
1202291
1281413
800561
191171
1674193
817470
1648892
1170484
1100658
1192479
1619770
1864580
272555
1955521
1125539
1683313
1901519
188958
609906
1396790
834292
736849
748651
601809
980835
1574022
1325486
1718375
1349087
956474
1013231
1968860
1655370
1231275
160031
847044
1948745
1226405
1917528
566884
418883
1054779
1848946
108921
1010299
974484
1692234
429299
580924
302139
1243572
832698
456470
1892223
1334507
1337305
983726
177475
1055679
1750295
551431
1486393
1719155
206800
717667
1296668
953844
183893
523072
388853
168259
841955
861115
1917205
850876
1288896
409170
543109
1618196
890094
262730
379249
1140275
619201
271471
1892264
1373988
672680
1969739
1847150
422974
1938653
1333542
142128
145452
1468691
856278
516779
1070066
1279350
323114
1138325
1538788
1084229
573011
1807146
373125
882181
1767738
1408803
1189757
1930468
1688052
330031
549668
1377005
1639778
1823657
1467167
1126998
1670806
1790142
1065650
521829
1349752
1111103
1408002
206030
1045364
1895550
902862
1268478
1033874
441649
1770190
1506885
1666278
143314
389065
1434015
969599
996304
1364482
657650
1226336
1814151
1452137
866113
1155289
919304
1410593
343576
226927
476243
765405
1476679
1004828
1590889
1100191
1950192
1486438
1420536
736151
1937794
1279667
506340
1444678
945944
1967137
1251225
379958
936735
247528
1644441
1011867
891346
976073
464004
1174941
131361
800790
585534
374937
927717
961777
557824
1821878
1866605
148712
439551
1334278
1535150
1760087
1970429
990425
1039753
1894252
435102
1885698
1861388
1103809
265655
798123
768819
1327578
1709990
1077648
303650
1591476
1670071
1752494
1809748
255604
1544913
254946
634863
102736
1976825
1918950
1568931
416375
1253227
621562
1593944
741138
1511987
633696
635389
1364571
1936876
496776
1885862
1620014
712381
172163
947591
1839854
1149811
1151242
1431329
819881
421217
758559
492968
1866131
913505
545313
1386349
890329
464263
472762
724186
1134972
994324
318129
1776110
1923794
369308
1828981
805846
1723666
1743240
691708
1343679
455620
763871
291270
295473
1331164
859994
1144285
1568527
1181211
1802844
1961495
564823
716348
506808
1851173
1024160
388553
1741417
1648346
1423525
735740
1383958
717117
177015
1170748
1963580
882862
894413
1706819
992052
238092
162439
1173405
1846845
1775395
504568
224320
919679
1973095
823013
722522
1452072
1287837
1338871
1376362
656491
363030
1664915
397907
1428858
605921
551129
330297
740520
145627
1401045
704100
928489
295458
410918
1338023
1851033
1890840
511427
1215359
1666235
915995
1339679
585913
406571
162691
725918
1758643
868010
1482271
1135004
1424501
1262783
317400
1239890
691640
823322
1208502
921938
1463842
1254129
1740465
1585424
1600100
1453405
1896343
938122
821919
1304664
867031
1937278
970898
1683026
1276956
974294
1507079
857130
1117694
1265722
1625140
599964
1818208
567123
1280229
135608
1707013
1871869
376412
432996
311288
1257736
1587125
1469236
843160
704706
922640
739502
1060310
1644560
1461648
1827341
1581837
432546
1027848
376275
824322
534927
1133405
1359498
1218131
758544
1376944
1036338
1225667
657172
589428
450162
529040
383322
783158
257811
1541059
1787766
1627047
384218
492471
1967169
541202
1452782
1611728
1902850
797604
711047
1752878
1725453
504804
1994682
260379
1538209
1354179
1378510
1714235
731122
1832330
457384
1288294
1839241
807546
1234817
1640045
1008186
910110
1181103
795951
537156
982803
705905
504324
1424005
158686
1533535
844337
373772
1662064
114696
1999225
166867
109378
259603
1122558
881039
1055595
836792
1029644
405407
711658
317937
1662130
1419204
970236
1302174
427390
1780346
1900760
640823
1734984
883562
1246728
1656791
1725050
822896
707807
1986869
1096669
369870
101564
1095893
1854220
110942
772979
976777
409464
1246056
1231051
1339108
1551463
1842710
1557045
731074
779395
1944764
1933249
624267
1725109
1351490
682573
977575
1652534
1829301
634365
1377583
652197
1242172
1364451
1166348
1029524
883498
262240
883743
894440
452701
1278002
1203904
1598758
1926535
543011
667702
1286726
1517539
1298777
1966122
979784
749507
107870
222374
1518479
690443
1099949
1171012
1937227
1634314
548595
106905
393967
1330528
1173253
1323491
214025
852975
1624716
525948
1205677
420199
1147334
321916
346734
1107828
889618
1533460
625366
1605877
1017063
1022632
1772866
542416
1145006
1291344
1132859
244955
462356
1070085
1296751
428433
594472
1590719
1658961
1667725
431691
1290469
520700
1956408
1233899
1143859
376606
381232
1365775
140822
1389060
1672875
1574283
1431908
1278752
108827
454539
1051617
551243
1499546
342961
1101585
1161983
222799
1589152
458733
551232
183624
1949452
1627675
1268831
381143
918143
1689531
1755033
1569524
833389
1549121
1850757
1616646
1589944
757298
1289521
681708
189206
568272
208017
1961228
1037371
659261
978255
797814
1178328
140237
920613
284961
498971
889327
368585
1865905
517002
1537417
247047
852627
744429
1419562
422151
995301
968683
1690390
611946
1976109
447687
1801467
657816
1954376
1787221
283315
1915604
342074
360058
893858
1039888
1438386
451578
1377984
1623348
850549
267310
1409415
716453
201794
464313
380983
954422
626225
1700545
794055
1521526
186709
484444
1550954
162817
832131
1352421
238115
303989
657123
421431
219592
899197
198971
530932
1356568
1537358
882510
734551
678187
1150541
419343
1505084
1766995
521138
1386880
1565460
1375560
1913105
1266004
169614
952112
870196
1971541
503065
450495
321153
1272968
106093
525142
1830092
1845007
162216
246770
1943978
593149
1503338
1481335
893141
1655371
1577004
1943683
1974715
599570
1228159
495852
1886450
793618
1288894
1317036
1477104
875990
269147
347299
847530
672212
215277
1068683
1845181
221370
1011308
1192754
1966377
1073524
1339524
1910354
1084155
842862
909171
1877297
1915715
486174
1338461
1890429
985744
1984102
1803763
389675
777719
1092656
1606711
1672305
1386128
1775858
1437087
233657
1865553
1552364
719823
1710733
1673734
1631131
903486
1640110
222136
1660492
1067945
1206292
1920836
1877116
601070
1836551
1780773
1357013
1726979
283998
1341114
1530742
573674
1536315
140879
1597867
1208619
1427008
1373725
645705
1078147
1239277
1615551
1215452
467491
1289284
364064
788459
446875
486201
448950
