1
1000
42 93 91 
16 94 23 
11 51 44 
78 72 91 
7 38 30 
64 17 62 
55 84 8 
27 99 73 
78 20 24 
0 83 73 
16 64 77 
60 28 8 
55 27 14 
98 15 82 
60 69 46 
95 25 15 
60 60 83 
89 7 42 
58 53 35 
67 83 53 
38 44 89 
7 32 75 
78 1 28 
37 19 15 
44 65 84 
75 35 54 
23 33 71 
3 47 32 
32 57 37 
97 18 9 
19 20 20 
64 39 9 
97 44 31 
82 57 29 
50 72 54 
87 57 36 
25 81 12 
6 21 81 
51 68 59 
26 41 79 
55 13 62 
76 66 38 
91 32 13 
21 37 81 
89 75 79 
60 17 58 
54 90 60 
76 13 72 
12 52 70 
24 46 16 
66 79 76 
53 70 2 
12 7 19 
10 62 76 
38 27 88 
12 6 65 
62 61 56 
31 70 35 
2 85 38 
48 11 7 
78 72 80 
3 85 47 
82 49 40 
3 32 61 
41 0 28 
92 77 10 
14 67 39 
43 82 88 
12 58 70 
73 37 30 
45 38 85 
30 3 46 
28 75 28 
25 8 59 
57 67 58 
46 80 60 
4 20 50 
84 33 56 
16 34 2 
46 49 28 
18 39 45 
9 9 84 
56 39 90 
65 10 28 
35 73 81 
28 53 28 
52 71 31 
49 29 20 
6 73 27 
13 23 4 
21 38 53 
68 9 78 
26 43 66 
90 3 63 
82 34 53 
64 84 85 
16 94 52 
29 12 35 
76 47 67 
88 45 34 
25 10 85 
15 71 11 
26 88 21 
4 56 18 
43 31 78 
33 15 59 
79 49 13 
36 29 11 
72 91 79 
1 73 48 
40 66 1 
2 2 34 
52 54 90 
36 20 13 
10 60 19 
9 91 9 
52 61 43 
52 88 79 
25 71 86 
4 28 19 
85 39 79 
0 4 53 
59 16 83 
33 35 22 
50 12 75 
97 54 81 
58 43 83 
2 37 47 
98 5 89 
37 50 80 
55 59 10 
68 57 59 
55 22 22 
52 55 15 
53 11 62 
0 22 7 
9 30 17 
81 67 10 
67 70 91 
22 20 27 
41 72 0 
2 57 24 
20 20 63 
9 99 89 
9 95 84 
9 55 40 
35 36 67 
67 42 63 
71 79 28 
0 62 99 
34 5 52 
62 5 90 
41 45 15 
82 37 32 
34 60 66 
3 92 73 
95 19 8 
51 41 34 
2 77 24 
93 20 58 
41 61 77 
33 18 26 
22 27 49 
43 93 78 
63 90 41 
11 67 94 
91 42 36 
29 17 80 
82 59 52 
70 92 75 
92 72 91 
90 4 88 
77 84 87 
89 2 64 
40 45 36 
74 52 50 
57 47 60 
95 38 4 
80 42 88 
11 2 88 
7 53 64 
70 70 56 
40 60 54 
64 13 71 
94 18 4 
26 30 93 
76 89 10 
45 50 54 
70 64 5 
73 84 16 
2 60 97 
28 37 20 
57 42 13 
40 51 46 
60 56 5 
80 52 33 
26 67 84 
64 7 49 
20 29 78 
63 71 39 
97 54 52 
16 76 28 
11 3 33 
81 23 34 
43 38 24 
96 92 9 
83 54 1 
40 76 29 
86 6 33 
85 36 73 
98 55 5 
8 28 90 
52 46 21 
30 66 51 
53 93 7 
54 43 85 
75 17 38 
25 47 50 
35 62 24 
9 44 61 
98 84 22 
49 5 78 
99 76 53 
65 46 91 
30 79 56 
90 27 73 
47 34 5 
80 21 84 
71 52 16 
28 7 3 
12 48 74 
25 98 70 
68 83 66 
6 20 55 
34 29 14 
22 2 7 
98 21 69 
14 87 64 
53 50 89 
65 3 50 
23 53 87 
49 55 59 
30 71 71 
87 42 20 
67 28 0 
25 30 68 
44 91 35 
31 6 26 
1 41 21 
95 66 81 
9 95 16 
66 82 12 
11 30 7 
99 38 32 
92 86 19 
89 38 26 
93 64 24 
90 42 63 
53 74 39 
86 62 33 
73 15 76 
28 85 0 
22 28 84 
31 98 27 
79 59 34 
17 28 82 
41 42 54 
59 67 54 
22 5 18 
97 48 52 
42 40 40 
38 91 74 
45 24 34 
51 80 47 
92 5 44 
26 53 98 
70 55 38 
80 81 50 
43 65 0 
83 55 25 
40 69 41 
6 70 24 
34 33 55 
50 72 32 
60 40 47 
41 86 85 
71 88 1 
29 31 48 
92 49 23 
15 38 10 
23 31 39 
83 23 63 
29 18 19 
44 93 19 
52 82 82 
17 20 79 
29 31 82 
45 60 73 
60 32 77 
63 63 40 
45 36 75 
73 84 42 
92 22 33 
90 19 38 
4 45 6 
0 25 6 
85 29 52 
14 58 57 
60 23 10 
63 71 7 
74 65 60 
72 91 69 
92 30 23 
71 25 52 
54 14 32 
15 55 51 
21 18 54 
30 78 74 
5 66 46 
23 54 98 
45 54 20 
83 74 59 
59 0 6 
30 40 11 
30 64 72 
97 64 28 
29 64 24 
48 56 16 
77 79 56 
52 70 20 
41 70 73 
17 84 51 
98 41 63 
12 92 85 
79 65 64 
41 44 7 
72 42 67 
69 65 64 
43 5 65 
65 19 74 
31 31 96 
65 10 84 
5 78 3 
22 34 7 
14 93 21 
5 37 8 
34 40 75 
91 6 91 
58 1 29 
72 57 31 
87 2 25 
36 61 5 
33 79 9 
17 54 1 
24 81 45 
91 10 76 
0 97 91 
92 4 19 
67 29 76 
75 14 8 
19 22 27 
48 83 64 
60 71 84 
56 28 44 
55 19 49 
71 83 34 
12 59 39 
40 85 97 
3 36 74 
53 80 21 
12 90 7 
79 49 41 
45 21 72 
20 77 89 
85 39 80 
8 51 36 
91 45 46 
22 35 23 
98 30 14 
32 61 97 
30 18 94 
98 83 63 
67 13 36 
41 25 38 
74 49 80 
63 40 67 
15 79 41 
73 15 29 
40 35 99 
63 0 12 
34 3 76 
69 63 13 
26 12 49 
33 2 23 
41 74 66 
54 3 86 
88 52 73 
18 41 12 
7 35 98 
75 18 64 
92 71 13 
44 90 12 
0 77 77 
11 19 95 
11 28 74 
74 39 1 
99 70 38 
70 57 60 
79 70 90 
11 84 86 
15 15 56 
22 95 50 
15 74 88 
18 18 5 
88 13 79 
57 60 34 
44 12 55 
96 54 54 
41 49 14 
49 3 0 
82 12 30 
77 70 20 
97 19 48 
20 51 74 
16 24 13 
96 14 24 
44 65 89 
1 14 61 
33 55 22 
2 68 50 
54 35 62 
9 29 99 
73 92 31 
29 0 25 
56 2 21 
26 8 91 
4 48 52 
31 76 54 
43 61 9 
30 47 57 
10 93 20 
3 75 3 
22 13 30 
83 56 64 
98 46 8 
61 48 17 
66 65 13 
78 84 27 
79 14 2 
70 15 15 
9 90 50 
86 87 74 
86 40 68 
6 80 35 
81 35 61 
66 9 27 
87 46 85 
84 90 14 
46 10 16 
61 87 6 
41 59 48 
25 69 0 
69 56 6 
0 90 30 
22 61 86 
40 83 69 
97 29 54 
50 7 90 
44 76 56 
18 53 43 
6 68 9 
34 41 43 
60 88 55 
84 71 79 
11 26 67 
91 93 66 
55 57 18 
83 78 7 
24 46 32 
39 21 11 
77 77 87 
13 7 56 
62 9 86 
90 64 64 
14 54 6 
46 31 89 
22 75 91 
19 43 94 
41 41 15 
28 59 81 
5 64 93 
53 80 67 
45 15 0 
99 23 21 
26 71 46 
66 84 27 
66 51 57 
12 29 35 
30 45 10 
86 79 68 
37 62 6 
41 61 96 
70 78 9 
12 64 2 
59 5 23 
36 25 48 
53 56 5 
63 61 24 
4 40 89 
46 2 2 
24 18 29 
16 52 69 
24 73 89 
3 33 61 
30 11 62 
84 37 13 
61 83 47 
84 48 90 
53 92 83 
58 33 73 
92 40 80 
17 78 27 
77 66 42 
57 72 50 
9 25 81 
46 61 87 
93 41 66 
38 72 26 
80 0 86 
29 52 93 
84 1 72 
8 75 63 
6 89 65 
35 54 27 
64 2 36 
54 78 8 
17 38 96 
76 72 91 
17 15 24 
36 1 59 
79 70 26 
92 68 48 
41 24 92 
70 42 17 
38 41 22 
46 24 15 
7 57 38 
25 47 85 
43 87 41 
91 55 45 
56 1 55 
12 41 87 
7 85 91 
96 30 32 
8 83 33 
69 9 31 
51 20 28 
14 13 1 
25 1 7 
83 55 20 
58 18 8 
44 60 0 
94 77 13 
52 65 33 
87 28 86 
81 87 10 
37 85 18 
36 19 84 
82 72 3 
49 79 26 
15 68 56 
94 54 25 
19 62 70 
56 81 18 
81 1 43 
0 29 17 
96 85 56 
21 59 90 
56 85 2 
51 67 4 
43 23 26 
69 89 40 
59 75 37 
15 71 4 
60 64 57 
67 60 65 
1 56 45 
30 28 21 
14 36 37 
55 68 48 
75 80 47 
62 42 80 
45 80 54 
7 55 71 
97 37 10 
81 51 49 
47 47 90 
92 90 20 
92 53 88 
79 33 9 
54 77 23 
45 50 56 
78 54 21 
0 37 91 
76 28 67 
75 92 69 
82 35 51 
42 16 41 
21 96 22 
67 54 26 
32 12 10 
62 81 40 
44 41 32 
8 61 94 
20 53 12 
51 76 86 
85 71 70 
79 93 86 
73 64 0 
96 90 37 
81 33 15 
2 93 44 
3 44 89 
97 42 51 
90 12 67 
95 40 35 
47 11 23 
36 71 1 
42 79 95 
42 48 58 
25 48 67 
47 58 4 
84 69 4 
83 0 24 
35 4 51 
92 3 55 
22 72 60 
37 46 31 
23 42 12 
96 20 29 
25 40 64 
81 28 33 
50 59 19 
0 33 36 
36 68 41 
68 72 15 
96 82 74 
52 75 67 
85 58 90 
51 6 87 
83 40 14 
27 68 24 
29 27 44 
5 73 7 
66 69 75 
91 82 52 
24 36 18 
51 10 26 
99 69 7 
58 66 46 
35 94 76 
6 20 83 
85 25 52 
79 19 7 
40 57 23 
10 99 15 
55 48 65 
56 80 27 
85 17 75 
8 70 44 
94 7 59 
80 11 48 
63 45 66 
36 92 89 
97 45 38 
99 54 14 
61 66 25 
63 90 58 
66 38 16 
4 99 68 
67 3 58 
84 21 34 
37 11 39 
17 20 40 
0 19 31 
89 63 22 
33 56 89 
40 58 3 
45 28 78 
0 99 27 
34 28 97 
65 35 65 
11 71 29 
80 63 21 
96 80 50 
31 41 62 
72 42 14 
95 68 42 
30 69 43 
10 8 6 
31 13 54 
1 69 91 
22 74 19 
19 28 75 
77 14 52 
13 91 54 
96 29 63 
98 65 44 
45 83 7 
45 82 71 
84 23 47 
12 21 46 
66 81 77 
21 53 77 
90 16 58 
14 7 96 
36 21 76 
87 62 8 
34 29 61 
45 45 65 
13 54 9 
24 1 72 
79 81 39 
60 58 32 
23 76 84 
81 7 20 
56 20 77 
31 92 33 
90 4 48 
61 40 17 
15 19 3 
31 88 62 
11 79 45 
4 87 70 
46 16 84 
85 14 84 
75 5 9 
55 14 64 
67 21 47 
50 82 42 
38 5 49 
25 25 8 
32 75 52 
4 78 2 
12 58 28 
99 48 53 
38 25 18 
57 80 44 
4 6 28 
68 44 86 
6 89 43 
28 53 76 
15 69 65 
37 78 83 
14 23 42 
5 36 75 
37 10 0 
46 13 21 
5 34 90 
6 93 12 
29 2 68 
96 16 57 
21 81 3 
79 49 63 
21 54 41 
14 86 24 
80 10 5 
15 16 7 
5 18 48 
64 26 44 
97 76 89 
19 3 18 
30 54 72 
41 86 49 
55 21 88 
54 36 58 
27 81 64 
0 79 57 
15 3 55 
71 78 47 
69 50 36 
88 88 32 
42 89 0 
74 86 31 
3 33 40 
78 77 29 
81 30 25 
20 58 84 
95 60 6 
25 27 81 
25 9 1 
89 29 52 
79 61 60 
89 87 43 
16 62 40 
2 15 58 
20 32 72 
100 40 32 
5 31 7 
22 23 67 
85 41 27 
33 89 90 
61 77 42 
92 20 67 
18 87 32 
23 85 39 
5 79 37 
75 88 71 
26 54 15 
29 0 81 
29 73 3 
32 0 61 
6 43 86 
17 82 89 
56 65 10 
23 20 61 
53 61 78 
55 33 12 
85 86 16 
55 84 89 
85 0 45 
79 22 15 
5 95 65 
78 43 25 
46 8 77 
51 10 27 
12 41 7 
47 69 62 
86 33 1 
30 78 35 
69 42 65 
32 52 75 
9 76 77 
87 13 30 
35 23 89 
53 64 89 
62 90 83 
64 75 42 
99 21 71 
81 47 8 
17 98 31 
78 64 65 
1 19 67 
83 25 17 
7 40 55 
29 30 6 
58 4 50 
31 39 2 
21 0 66 
60 21 41 
76 70 84 
60 63 18 
13 12 54 
49 63 60 
97 20 52 
12 88 16 
55 60 13 
52 57 23 
20 39 4 
33 0 41 
93 5 19 
21 86 68 
88 77 38 
91 71 62 
14 3 69 
32 94 86 
0 78 57 
88 77 66 
48 45 45 
17 9 69 
92 17 53 
66 21 18 
13 56 33 
7 85 71 
16 84 12 
17 21 49 
88 5 65 
38 84 48 
88 75 91 
24 34 79 
55 71 0 
77 5 79 
49 17 11 
93 75 76 
96 63 29 
73 21 9 
70 24 4 
88 18 3 
53 10 29 
88 18 84 
90 44 46 
91 44 40 
3 48 69 
80 91 29 
40 77 85 
67 92 88 
28 64 97 
39 44 48 
11 34 65 
91 4 77 
31 72 24 
0 13 25 
40 36 86 
73 48 74 
79 65 68 
56 61 25 
86 36 82 
8 19 70 
98 49 35 
14 43 14 
82 10 90 
83 8 65 
11 69 96 
48 42 0 
31 8 67 
7 82 32 
11 25 24 
13 32 63 
18 21 34 
3 3 70 
63 38 22 
9 99 78 
45 32 77 
82 67 28 
7 89 65 
22 16 44 
49 38 5 
9 4 42 
57 48 15 
1 33 64 
76 78 56 
68 27 13 
63 22 47 
70 33 21 
40 92 29 
78 23 36 
97 70 34 
62 27 59 
18 78 13 
2 25 62 
37 97 26 
12 18 43 
83 23 40 
77 35 40 
93 10 22 
16 60 78 
23 86 88 
53 10 7 
2 46 34 
70 76 66 
54 12 30 
91 82 9 
94 23 47 
36 58 30 
76 24 6 
21 55 83 
12 78 0 
19 26 81 
42 85 61 
12 55 52 
98 59 35 
21 13 29 
4 11 98 
4 92 53 
87 89 72 
96 71 0 
32 7 33 
52 23 53 
15 49 44 
92 56 88 
74 84 54 
2 28 2 
39 51 57 
42 22 86 
30 2 19 
55 75 52 
93 56 19 
87 11 49 
1 35 29 
61 35 12 
30 56 71 
11 99 77 
83 25 64 
43 74 67 
98 14 36 
45 5 11 
20 78 53 
20 5 9 
89 31 69 
32 81 90 
78 7 66 
66 64 2 
38 53 3 
7 64 19 
23 90 7 
72 77 68 
1 72 13 
94 9 16 
80 88 14 
94 29 42 
