60 285387785
0 42 3 42 43 29 59 54 4 10 6 24 30 50 10 38 3 47 13 59 22 18 23 10 34 54 46 24 35 32 56 60 5 57 60 51 36 43 10 48 28 16 4 36 58 59 41 29 31 13 20 39 15 3 58 7 16 57 11 12 
33 0 58 50 23 25 16 4 20 15 59 42 55 41 50 17 31 45 34 46 36 28 20 18 15 55 20 8 14 18 27 21 58 52 7 37 41 9 22 35 10 4 40 32 46 41 55 32 27 22 23 45 18 20 21 20 17 20 36 57 
59 50 0 35 31 55 10 10 40 55 34 55 14 57 16 30 6 15 23 48 4 44 35 29 19 10 60 4 58 52 7 11 19 7 5 39 39 29 60 33 34 54 4 2 36 55 5 44 13 47 21 8 41 52 28 27 27 58 50 60 
19 26 16 0 13 57 14 59 2 60 39 14 52 10 58 2 22 30 7 15 39 8 43 45 32 52 1 8 1 37 35 32 15 19 18 15 13 3 8 28 41 22 24 39 52 49 51 26 48 7 57 60 38 7 37 40 56 52 38 21 
41 18 54 23 0 54 51 4 36 35 49 45 7 59 30 6 41 9 50 34 59 35 41 27 23 11 3 42 47 37 54 53 25 57 42 38 27 25 24 26 45 12 33 33 9 54 40 46 34 41 44 4 48 50 39 19 6 27 39 50 
18 23 47 1 49 0 30 18 7 10 15 42 28 7 40 38 42 57 46 43 51 2 8 38 11 45 3 41 48 23 3 12 35 32 21 46 54 28 44 31 37 58 60 19 51 2 2 59 36 24 56 54 50 34 32 59 51 49 41 49 
36 6 60 26 48 53 0 40 23 40 43 51 1 34 41 24 56 2 51 17 40 57 10 52 48 44 32 12 25 29 14 3 60 16 20 37 15 35 26 16 26 36 42 2 8 50 1 14 59 58 52 10 12 43 32 20 36 8 31 24 
28 54 60 26 6 38 5 0 45 36 51 7 27 50 19 25 41 5 31 9 33 31 27 18 16 27 2 29 11 60 22 21 10 44 16 6 35 49 60 44 52 28 10 39 31 17 18 16 48 28 11 18 32 50 2 43 35 12 37 48 
60 37 32 11 15 7 53 57 0 56 5 52 2 46 25 59 46 32 55 40 58 34 22 17 45 19 27 58 18 54 40 45 19 12 30 19 16 11 40 11 15 6 16 22 27 40 23 12 8 38 38 55 11 15 27 30 56 36 8 37 
28 40 15 1 3 18 8 22 42 0 3 23 46 55 29 15 59 8 42 24 24 50 13 5 24 21 34 59 15 35 8 2 18 7 56 33 33 28 35 60 19 22 60 21 52 59 51 22 14 21 25 50 60 33 54 12 14 30 50 57 
22 58 40 60 29 23 12 59 58 44 0 24 27 25 54 22 19 6 4 5 31 15 12 34 27 5 8 39 13 20 27 40 60 3 57 28 46 35 48 45 50 58 39 54 10 34 15 12 51 54 30 44 53 54 49 39 23 56 10 29 
13 47 54 53 59 9 60 2 33 15 31 0 24 5 6 43 49 60 28 59 2 25 27 5 22 19 58 14 45 41 14 47 32 47 26 21 49 30 5 46 25 15 43 21 21 31 49 25 20 5 7 34 54 24 20 28 44 1 37 15 
40 25 25 53 34 43 16 32 52 17 23 54 0 48 7 31 21 2 39 56 2 4 51 38 26 29 29 49 50 38 15 15 40 33 57 48 12 59 56 46 20 48 2 22 48 2 57 6 23 23 8 41 17 50 16 40 49 29 39 27 
35 34 31 27 53 4 53 17 51 49 11 19 35 0 11 39 29 38 20 33 22 5 21 25 4 11 3 8 18 43 17 47 13 12 40 25 9 3 23 36 32 41 42 56 15 41 38 31 4 60 23 12 36 8 56 8 22 18 58 18 
19 19 56 36 27 5 50 58 8 9 57 11 37 16 0 21 36 10 6 40 47 27 14 14 20 6 51 5 56 9 59 40 22 14 11 38 49 13 60 45 51 44 4 36 57 41 31 41 36 26 45 21 2 52 42 60 29 44 48 10 
2 2 40 17 5 21 5 13 7 42 59 14 20 12 32 0 49 46 3 55 30 14 40 34 52 13 45 58 13 54 29 12 41 2 47 23 51 37 3 30 5 2 7 53 50 37 50 26 41 60 18 51 30 57 43 5 44 58 7 29 
7 16 30 45 31 29 48 42 4 29 52 32 27 6 19 55 0 33 11 38 42 55 26 40 49 26 5 51 22 3 55 5 43 45 27 50 1 30 45 48 49 4 52 5 12 9 50 56 59 21 37 47 5 6 30 52 55 24 52 43 
42 50 28 19 51 25 51 23 21 24 51 34 20 43 41 54 45 0 7 54 1 10 6 40 6 27 40 40 55 41 38 30 22 46 41 1 26 46 31 45 24 59 43 19 43 25 25 42 55 22 45 55 51 36 36 26 53 27 44 56 
24 50 35 25 60 49 57 33 7 51 49 13 22 13 52 59 3 50 0 40 42 50 52 37 6 26 28 57 44 49 5 49 4 3 2 58 4 15 36 53 12 10 18 15 16 20 12 1 31 51 34 41 35 7 44 1 11 16 39 59 
50 29 25 27 38 9 40 10 43 12 33 29 35 6 10 22 9 58 37 0 14 40 18 14 8 53 45 59 60 15 41 37 16 21 10 18 28 53 23 21 48 29 31 13 57 23 11 38 11 45 34 40 21 16 52 30 26 32 28 2 
49 5 40 29 43 24 18 15 17 52 49 13 48 35 45 15 17 45 15 20 0 12 5 27 37 38 16 28 53 22 24 53 41 39 57 23 46 36 10 10 52 59 29 20 31 48 57 46 32 56 37 23 60 48 59 15 34 37 2 27 
57 35 7 24 56 2 48 28 32 16 10 50 35 21 2 49 30 48 55 17 20 0 55 38 9 12 26 60 42 17 43 2 32 37 56 25 9 16 4 53 38 49 5 7 21 37 2 56 38 19 39 2 41 54 33 35 46 3 32 46 
13 7 27 46 55 39 48 32 18 32 29 26 51 55 48 34 56 1 53 34 10 6 0 49 27 38 54 16 24 59 36 25 18 17 24 20 5 17 18 38 3 14 43 24 56 19 11 25 54 34 12 46 10 29 19 35 38 56 52 4 
41 30 15 59 17 11 11 20 18 33 26 52 14 15 35 44 57 26 39 34 3 31 33 0 10 59 7 59 54 32 36 51 2 28 52 38 55 4 59 52 51 52 17 52 10 3 28 45 39 56 36 21 32 34 9 5 54 30 33 18 
28 47 1 30 3 18 31 37 18 34 6 18 50 22 5 33 11 51 27 6 36 47 57 20 0 54 55 2 52 43 46 10 34 16 36 41 14 17 36 14 24 37 42 2 3 19 37 7 52 55 33 1 6 50 2 49 32 21 58 50 
45 41 18 58 36 17 53 19 7 25 13 58 22 29 33 27 21 29 18 19 34 31 2 3 57 0 13 9 48 33 34 4 48 39 54 59 22 50 12 54 54 25 49 44 8 39 16 16 39 32 56 3 54 35 32 33 39 44 40 20 
21 35 33 24 22 20 36 50 6 45 18 52 41 60 57 9 30 55 16 22 50 7 24 47 49 49 0 34 49 24 54 9 21 26 31 47 32 20 35 59 5 7 1 1 30 30 17 50 14 19 21 38 42 7 58 6 11 32 1 54 
16 14 10 32 22 20 32 53 60 34 10 45 60 40 42 43 59 48 38 52 58 57 58 36 1 45 54 0 60 4 25 42 52 26 49 59 15 16 33 50 19 7 50 6 34 19 36 29 20 24 50 14 11 54 45 54 29 7 36 20 
33 39 23 56 9 45 27 50 58 49 26 48 12 5 27 7 51 11 56 22 58 19 50 5 3 17 37 60 0 60 26 4 28 1 36 15 32 46 15 48 8 50 25 42 26 27 52 43 4 18 38 48 1 49 52 45 37 60 45 57 
39 6 25 24 43 9 7 43 16 59 18 43 46 15 25 36 8 3 16 35 7 33 14 27 19 11 27 44 9 0 28 8 45 48 35 32 23 60 49 1 32 56 26 15 9 23 23 33 56 29 11 46 39 50 3 10 41 23 20 29 
60 16 59 30 39 39 2 4 24 27 18 49 50 47 55 40 45 15 47 29 50 47 39 10 13 51 54 40 28 7 0 12 50 22 44 38 58 47 27 2 22 2 32 53 8 36 1 23 44 47 60 11 2 3 42 8 4 59 34 59 
25 35 2 6 35 49 44 57 18 2 59 42 5 18 11 10 25 27 14 18 60 33 33 55 7 26 10 58 39 40 28 0 38 13 19 4 15 36 45 20 55 18 59 45 19 26 22 40 5 33 41 51 7 56 49 34 23 49 43 56 
28 47 32 7 23 35 11 48 47 57 22 48 46 11 14 36 4 45 24 54 16 40 30 8 3 22 27 26 3 14 14 32 0 50 56 12 6 28 19 16 34 44 5 16 52 53 8 4 28 44 19 57 12 17 12 56 19 14 49 48 
17 54 12 2 16 45 43 15 58 31 36 23 16 12 49 12 50 35 51 13 8 6 29 24 49 37 27 46 29 52 32 5 20 0 48 22 13 47 50 9 40 49 36 5 24 27 19 56 8 30 14 39 16 53 18 59 7 43 46 26 
58 45 7 11 14 42 24 47 10 51 36 4 26 6 30 20 50 5 53 54 41 10 38 38 46 2 49 3 47 40 2 22 11 28 0 32 18 14 30 26 30 20 42 6 9 31 46 6 52 45 33 7 37 13 58 36 44 30 11 4 
47 32 1 52 32 28 13 40 47 6 46 13 48 28 58 26 18 49 58 43 45 19 33 29 30 38 59 35 52 17 51 56 13 29 6 0 50 57 21 47 10 21 23 47 1 56 24 39 39 58 19 24 54 3 58 22 46 3 41 25 
30 53 55 60 13 13 23 59 22 33 39 32 44 32 42 40 42 9 55 47 59 21 25 21 13 20 34 2 19 28 31 57 19 8 45 12 0 36 12 56 59 53 8 35 2 54 38 48 15 32 12 1 33 48 38 4 29 10 16 39 
51 12 31 51 21 44 29 54 34 13 18 6 19 7 8 39 60 18 33 51 11 36 51 53 51 26 39 45 43 28 49 4 40 37 18 23 22 0 15 18 58 24 2 56 52 43 34 22 9 13 14 31 12 43 14 60 19 11 5 18 
59 2 43 21 16 29 41 26 1 21 51 41 20 41 40 55 5 19 52 45 7 43 10 56 50 11 54 36 51 58 54 10 29 51 38 19 33 33 0 16 21 5 5 12 28 52 19 54 29 29 5 14 6 20 4 52 59 33 12 11 
27 13 2 37 6 10 56 17 41 42 53 25 14 53 13 7 14 42 23 21 37 12 54 4 28 30 13 1 44 14 38 17 34 29 12 43 42 29 31 0 31 1 7 13 42 54 11 51 47 8 58 41 28 2 18 49 8 28 26 47 
60 35 37 57 20 27 60 56 43 28 10 25 2 40 20 7 16 22 9 37 56 8 5 1 12 12 40 1 53 14 54 54 18 33 40 23 6 23 46 51 0 12 38 31 50 1 49 24 57 36 22 60 28 49 17 55 48 20 24 14 
17 43 52 51 38 11 20 37 34 22 9 26 29 29 55 47 59 1 22 59 48 19 39 16 45 60 55 34 38 12 11 2 17 54 2 7 50 45 41 30 43 0 50 14 23 33 22 19 25 8 18 15 46 11 32 28 5 12 15 27 
56 19 41 38 49 44 11 17 19 46 2 50 56 5 38 40 58 4 32 58 19 20 24 12 1 7 15 15 14 36 33 38 19 54 14 3 35 19 25 27 7 35 0 2 1 23 53 8 45 7 53 46 40 19 7 56 13 56 51 12 
20 32 50 6 46 8 20 35 36 20 54 49 1 46 33 19 25 7 31 6 51 58 9 21 37 58 35 25 23 18 40 8 25 11 33 47 41 15 48 49 4 51 15 0 5 55 22 11 23 9 23 18 32 36 59 52 24 5 48 21 
11 36 17 58 6 55 39 2 7 54 43 15 59 22 50 33 3 58 57 38 33 55 60 55 36 11 57 17 55 20 1 48 59 18 11 8 34 38 48 56 50 24 5 60 0 17 40 19 42 55 60 8 33 54 54 39 41 20 23 53 
41 54 27 40 33 52 19 33 42 29 3 53 32 56 49 50 24 7 5 3 51 3 11 39 21 29 42 1 9 15 38 15 11 42 8 39 7 26 9 31 22 38 16 12 54 0 12 24 31 10 25 37 3 33 25 53 41 50 43 29 
10 58 51 12 54 32 48 24 14 58 24 29 50 42 39 9 27 21 55 56 49 24 11 35 17 40 52 14 38 44 2 25 52 26 33 15 50 28 24 52 27 12 38 54 11 34 0 11 38 16 40 1 8 5 54 15 30 53 27 46 
40 15 16 47 37 53 39 49 37 27 7 51 20 13 22 19 22 15 26 24 36 4 45 52 26 5 35 23 29 59 46 16 46 44 8 33 43 17 50 10 6 40 20 20 56 29 56 0 32 36 10 52 45 32 7 4 46 27 25 31 
45 43 42 57 14 13 10 1 60 27 45 23 45 13 1 19 58 21 57 30 30 31 23 37 33 9 2 57 26 34 37 23 11 52 12 19 59 20 60 44 2 38 31 19 13 44 38 12 0 27 17 8 9 43 43 56 35 52 6 40 
54 45 33 55 53 10 42 32 46 46 1 15 39 52 37 47 33 23 14 48 31 45 54 19 42 27 15 24 48 1 52 12 27 6 52 52 60 9 27 8 59 39 2 15 49 3 33 7 13 0 3 58 4 15 10 7 22 17 55 59 
53 37 5 23 40 58 29 28 12 53 28 21 11 8 16 25 22 44 32 27 45 38 59 20 54 26 42 43 20 16 13 18 12 50 23 5 30 30 5 9 2 40 53 7 33 15 40 50 4 4 0 43 12 42 33 17 46 28 58 20 
32 8 28 59 7 38 3 25 36 56 44 53 25 27 50 45 45 38 39 25 58 37 10 25 19 9 50 45 18 10 6 9 38 53 47 58 38 7 41 16 14 38 30 20 46 46 7 27 28 3 40 0 59 25 29 54 46 3 39 19 
33 52 32 57 31 27 28 11 14 39 11 5 45 57 55 58 31 27 38 7 42 13 60 29 56 15 10 47 50 58 1 41 45 44 35 29 46 14 3 20 28 48 32 14 36 26 1 13 30 37 43 42 0 24 7 60 33 44 14 35 
40 55 33 51 52 48 37 12 21 16 39 53 56 29 60 46 3 19 37 48 43 11 56 51 3 2 39 3 24 33 16 12 29 39 32 12 39 6 36 43 44 23 40 12 33 16 14 11 24 35 55 41 49 0 40 8 47 11 57 16 
47 5 34 36 19 44 44 31 15 38 18 2 50 33 29 11 35 27 3 22 46 20 7 12 36 54 7 44 7 53 12 26 7 23 9 17 32 46 49 40 13 32 42 5 4 13 18 38 51 45 8 43 6 15 0 60 39 3 28 27 
2 35 45 53 55 45 47 46 10 53 2 53 44 12 55 47 16 19 12 1 15 44 49 15 3 23 8 31 25 39 34 1 47 45 15 21 46 59 35 29 32 16 26 34 28 42 25 32 37 44 58 8 4 6 58 0 18 28 57 49 
39 24 31 17 4 48 22 42 48 44 51 26 23 10 47 17 39 52 25 43 39 33 23 37 53 32 30 36 40 25 42 40 50 44 27 16 36 4 12 22 56 32 18 30 55 24 44 42 51 38 28 17 50 42 59 28 0 19 47 56 
24 16 27 26 13 33 34 27 31 20 13 23 7 46 53 6 48 57 25 22 7 13 51 2 5 54 47 44 15 54 60 6 31 48 30 2 20 49 23 37 25 57 36 45 30 12 32 3 6 13 13 57 42 2 54 8 25 0 40 1 
9 9 44 46 2 21 54 36 2 46 21 19 32 51 48 1 47 31 36 5 14 5 12 31 33 15 49 9 42 25 60 35 32 41 55 43 33 45 17 32 32 42 11 14 29 52 31 26 34 53 39 16 13 44 6 40 55 47 0 60 
38 19 8 52 18 8 30 25 2 3 3 22 9 13 5 15 12 51 11 23 10 23 18 35 6 45 36 11 7 54 31 43 59 9 57 17 49 54 2 18 19 40 42 33 45 38 53 23 6 50 37 31 43 45 19 6 13 9 36 0 
