50
12 29 37 4 37 9 2 46 39 37 26 36 47 15 46 23 20 18 4 25 34 38 19 25 47 48 45 29 4 39 28 1 37 6 25 17 15 26 42 30 30 34 19 23 40 20 17 9 36 30
7796 18547 23966 2245 23795 5857 701 29542 24966 24064 16864 23502 30652 9483 29681 14738 12529 11287 2219 15786 22076 24838 12241 15954 30162 30987 29225 18754 2124 25464 18039 274 23672 3896 16318 11020 9398 16480 27488 19352 19448 22173 11859 14802 26189 12750 10967 5333 23008 19123
11 18
18 40
40 5
11 34
34 8
11 1
34 50
5 6
40 27
8 13
1 45
6 12
12 19
8 29
29 15
45 37
15 43
50 7
6 46
50 17
43 28
15 31
27 49
50 47
45 32
12 20
49 2
5 39
13 42
37 38
38 14
14 23
15 35
46 33
15 3
43 36
29 21
49 24
21 25
21 4
20 48
17 10
11 44
35 22
3 26
10 41
15 30
29 9
45 16
50
1 12 7796
2 29 29
2 37 37
1 4 2245
2 37 37
1 9 5857
1 2 701
2 46 46
2 39 39
2 37 37
2 26 26
2 36 36
2 47 47
1 15 9483
2 46 46
1 23 14738
1 20 12529
1 18 11287
1 4 2219
1 25 15786
2 34 34
2 38 38
1 19 12241
1 25 15954
2 47 47
2 48 48
2 45 45
2 29 29
1 4 2124
2 39 39
2 28 28
1 1 274
2 37 37
1 6 3896
1 25 16318
1 17 11020
1 15 9398
2 26 26
2 42 42
2 30 30
2 30 30
2 34 34
1 19 11859
1 23 14802
2 40 40
1 20 12750
1 17 10967
1 9 5333
2 36 36
2 30 30
