802
1 2 10
1 3 10
3 4 20
2 5 6
1 6 14
1 7 2
4 8 6
4 9 14
4 10 18
9 11 4
11 12 20
3 13 8
12 14 12
10 15 16
14 16 20
8 17 14
16 18 16
13 19 4
2 20 8
6 21 12
10 22 16
15 23 16
23 24 20
2 25 16
15 26 8
22 27 18
20 28 8
11 29 4
12 30 4
11 31 18
1 32 4
18 33 2
23 34 16
30 35 14
17 36 18
19 37 8
25 38 2
13 39 20
6 40 16
28 41 6
37 42 18
26 43 16
25 44 8
17 45 4
32 46 2
46 47 4
33 48 14
43 49 20
29 50 12
49 51 16
10 52 6
47 53 6
4 54 6
28 55 16
12 56 6
24 57 4
9 58 2
44 59 4
58 60 20
23 61 10
9 62 6
52 63 8
20 64 20
22 65 14
43 66 8
54 67 8
31 68 16
12 69 8
30 70 2
41 71 2
43 72 20
39 73 8
15 74 12
14 75 20
22 76 20
34 77 18
41 78 8
77 79 10
24 80 16
61 81 4
61 82 14
81 83 4
60 84 4
17 85 12
55 86 10
58 87 20
43 88 4
67 89 20
87 90 20
90 91 12
44 92 10
30 93 10
59 94 16
3 95 6
75 96 20
14 97 14
36 98 2
26 99 18
35 100 8
66 101 20
49 102 8
39 103 12
66 104 8
59 105 12
40 106 12
45 107 12
93 108 16
65 109 20
94 110 2
12 111 4
71 112 16
105 113 14
86 114 20
108 115 6
89 116 6
5 117 6
64 118 2
98 119 6
93 120 14
30 121 2
95 122 4
108 123 8
87 124 16
106 125 12
29 126 10
62 127 20
90 128 20
83 129 2
84 130 12
74 131 8
18 132 16
21 133 12
18 134 20
54 135 12
21 136 18
56 137 20
7 138 6
37 139 4
133 140 16
30 141 2
135 142 18
140 143 16
69 144 16
121 145 16
28 146 12
72 147 6
72 148 4
60 149 4
126 150 10
117 151 18
85 152 8
18 153 8
51 154 4
67 155 18
12 156 12
75 157 16
140 158 4
21 159 6
65 160 14
143 161 12
100 162 12
6 163 12
40 164 10
106 165 18
81 166 16
157 167 10
151 168 12
112 169 20
7 170 14
30 171 2
148 172 20
110 173 16
131 174 8
116 175 8
46 176 8
130 177 8
55 178 18
10 179 14
26 180 2
76 181 16
29 182 4
31 183 2
136 184 8
70 185 14
7 186 18
99 187 12
74 188 12
175 189 10
44 190 8
80 191 18
188 192 2
119 193 16
164 194 8
51 195 14
74 196 4
2 197 6
51 198 20
38 199 8
173 200 6
2 201 18
40 202 20
32 203 10
21 204 16
149 205 12
159 206 18
104 207 6
198 208 20
106 209 20
122 210 16
48 211 16
6 212 8
33 213 8
126 214 12
103 215 20
145 216 18
133 217 10
78 218 8
198 219 10
159 220 16
170 221 14
67 222 14
103 223 18
2 224 4
44 225 2
75 226 20
43 227 20
24 228 6
135 229 18
32 230 4
209 231 14
229 232 18
124 233 2
223 234 6
73 235 14
167 236 16
211 237 20
94 238 6
24 239 2
162 240 18
223 241 16
57 242 6
173 243 4
69 244 20
77 245 4
98 246 2
193 247 8
219 248 8
116 249 8
59 250 2
161 251 18
241 252 10
58 253 8
18 254 2
116 255 12
115 256 14
197 257 18
92 258 2
57 259 12
37 260 10
139 261 8
172 262 2
227 263 18
95 264 10
132 265 6
252 266 8
150 267 12
18 268 10
92 269 20
146 270 10
207 271 18
271 272 2
101 273 8
166 274 2
35 275 10
30 276 18
64 277 2
33 278 18
19 279 10
106 280 6
150 281 18
264 282 10
72 283 12
6 284 6
271 285 16
85 286 6
114 287 4
180 288 6
237 289 12
153 290 6
242 291 20
164 292 2
114 293 6
162 294 6
259 295 6
245 296 16
173 297 4
242 298 14
244 299 10
25 300 12
172 301 4
175 302 16
10 303 2
68 304 16
100 305 12
108 306 18
89 307 12
36 308 18
226 309 4
33 310 16
165 311 10
25 312 18
84 313 18
49 314 14
247 315 20
58 316 14
153 317 2
155 318 8
131 319 14
303 320 2
62 321 12
48 322 18
21 323 4
65 324 20
214 325 18
319 326 20
217 327 8
289 328 4
175 329 10
321 330 18
124 331 2
236 332 8
193 333 16
292 334 10
274 335 2
112 336 16
152 337 16
165 338 20
175 339 12
24 340 8
64 341 18
233 342 16
263 343 2
238 344 18
11 345 14
252 346 20
55 347 4
80 348 2
283 349 8
9 350 14
46 351 8
250 352 6
75 353 6
60 354 8
166 355 4
142 356 6
253 357 20
187 358 10
250 359 16
87 360 16
347 361 2
13 362 10
310 363 10
290 364 10
57 365 14
348 366 8
326 367 20
62 368 10
256 369 20
70 370 2
302 371 12
187 372 8
133 373 8
117 374 16
249 375 4
337 376 18
292 377 10
333 378 12
124 379 6
74 380 20
299 381 8
179 382 20
295 383 2
377 384 12
237 385 6
93 386 8
249 387 4
135 388 10
229 389 12
83 390 18
129 391 2
254 392 20
204 393 6
191 394 14
353 395 16
223 396 10
95 397 4
340 398 14
273 399 4
95 400 14
386 401 2
376 402 8
88 403 16
332 404 20
327 405 10
169 406 6
373 407 16
259 408 4
82 409 2
250 410 12
288 411 14
408 412 6
383 413 14
131 414 6
278 415 10
414 416 8
167 417 20
155 418 6
407 419 18
353 420 6
405 421 4
329 422 20
197 423 16
308 424 20
314 425 2
110 426 16
21 427 16
216 428 18
67 429 4
253 430 4
366 431 2
402 432 10
38 433 12
265 434 20
402 435 20
332 436 2
126 437 12
250 438 4
78 439 4
391 440 10
104 441 16
268 442 6
32 443 6
152 444 4
123 445 8
283 446 4
132 447 4
21 448 16
137 449 4
4 450 8
112 451 18
332 452 10
386 453 10
421 454 6
315 455 18
183 456 4
9 457 18
363 458 8
424 459 18
371 460 20
264 461 18
18 462 2
24 463 18
402 464 20
218 465 14
129 466 10
61 467 18
34 468 8
42 469 18
111 470 8
187 471 8
444 472 10
446 473 10
257 474 18
327 475 12
263 476 16
51 477 2
254 478 20
471 479 16
281 480 8
124 481 6
350 482 4
35 483 2
200 484 16
383 485 2
308 486 16
246 487 20
4 488 4
90 489 12
30 490 20
331 491 20
250 492 18
260 493 16
83 494 4
221 495 16
87 496 20
178 497 14
21 498 12
252 499 16
43 500 16
70 501 12
487 502 16
127 503 18
118 504 4
226 505 16
161 506 12
119 507 2
477 508 16
95 509 14
171 510 10
396 511 16
136 512 18
46 513 18
66 514 6
488 515 14
473 516 16
439 517 14
258 518 2
323 519 6
511 520 4
332 521 14
167 522 2
288 523 12
289 524 12
10 525 2
217 526 18
248 527 16
375 528 6
393 529 20
234 530 8
509 531 20
190 532 6
462 533 14
256 534 10
327 535 18
166 536 6
440 537 10
22 538 10
312 539 4
236 540 6
214 541 6
433 542 2
395 543 18
149 544 18
255 545 10
112 546 18
66 547 10
74 548 2
277 549 14
9 550 12
158 551 10
304 552 10
73 553 8
443 554 2
57 555 4
545 556 2
46 557 16
378 558 16
78 559 16
204 560 12
452 561 20
235 562 14
366 563 12
88 564 16
7 565 12
463 566 20
68 567 4
340 568 2
399 569 8
119 570 4
17 571 14
519 572 4
140 573 12
262 574 4
20 575 14
54 576 14
240 577 6
483 578 6
564 579 10
351 580 4
340 581 14
420 582 4
523 583 12
156 584 10
179 585 8
163 586 14
2 587 2
366 588 12
277 589 4
482 590 4
320 591 10
468 592 16
289 593 6
222 594 18
65 595 8
277 596 18
489 597 6
432 598 6
178 599 2
249 600 2
454 601 14
527 602 10
103 603 2
197 604 14
574 605 12
298 606 12
137 607 16
340 608 6
420 609 12
314 610 2
452 611 6
456 612 8
525 613 20
99 614 16
448 615 12
283 616 14
608 617 18
344 618 6
39 619 2
169 620 6
418 621 14
165 622 4
424 623 4
550 624 14
93 625 14
7 626 20
263 627 10
29 628 14
416 629 4
281 630 14
198 631 8
553 632 2
234 633 8
174 634 6
154 635 8
432 636 6
276 637 12
161 638 10
9 639 2
532 640 18
27 641 16
253 642 16
458 643 10
177 644 20
403 645 20
343 646 12
242 647 2
150 648 18
574 649 6
166 650 2
436 651 2
404 652 14
164 653 18
261 654 12
475 655 6
200 656 16
460 657 10
555 658 16
347 659 20
263 660 18
102 661 12
362 662 14
78 663 8
655 664 2
162 665 20
86 666 6
290 667 16
444 668 16
432 669 2
240 670 14
93 671 14
667 672 10
195 673 16
598 674 4
561 675 20
385 676 20
125 677 16
222 678 6
619 679 10
674 680 16
566 681 16
293 682 14
437 683 20
482 684 20
260 685 18
398 686 8
513 687 6
110 688 20
446 689 2
60 690 2
152 691 4
386 692 18
381 693 16
434 694 2
346 695 14
305 696 18
666 697 2
12 698 20
396 699 18
242 700 18
477 701 18
300 702 10
194 703 4
220 704 10
529 705 12
100 706 16
290 707 10
367 708 16
50 709 4
320 710 14
519 711 20
668 712 8
609 713 18
701 714 20
661 715 10
1 716 10
139 717 10
215 718 16
602 719 10
715 720 8
681 721 14
536 722 20
69 723 2
624 724 16
649 725 18
244 726 6
325 727 16
633 728 2
71 729 2
703 730 10
417 731 8
207 732 4
608 733 6
48 734 16
461 735 6
166 736 14
338 737 8
609 738 8
317 739 10
110 740 18
473 741 10
241 742 6
553 743 16
541 744 6
737 745 14
637 746 14
458 747 20
414 748 20
278 749 18
148 750 2
183 751 18
194 752 8
673 753 14
334 754 18
547 755 2
367 756 10
325 757 18
291 758 2
626 759 8
612 760 12
732 761 4
568 762 8
745 763 8
551 764 14
222 765 2
399 766 14
291 767 14
611 768 10
5 769 18
637 770 14
409 771 18
154 772 12
25 773 6
691 774 10
182 775 18
12 776 20
224 777 12
532 778 4
222 779 14
393 780 10
359 781 16
237 782 18
43 783 10
41 784 18
683 785 16
426 786 4
199 787 18
393 788 14
17 789 8
129 790 16
584 791 10
161 792 10
264 793 2
215 794 6
197 795 16
790 796 14
156 797 4
10 798 20
756 799 2
55 800 18
28 801 14
451 802 12
