252
1 2
2 3
1 4
4 5
1 6
4 7
7 8
1 9
8 10
3 11
6 12
8 13
13 14
2 15
13 16
7 17
1 18
4 19
1 20
20 21
18 22
7 23
22 24
9 25
17 26
17 27
9 28
12 29
7 30
12 31
24 32
5 33
8 34
23 35
4 36
6 37
26 38
6 39
1 40
9 41
3 42
12 43
42 44
43 45
30 46
33 47
14 48
25 49
11 50
25 51
18 52
29 53
4 54
39 55
8 56
47 57
40 58
47 59
49 60
4 61
19 62
10 63
32 64
16 65
62 66
58 67
45 68
38 69
6 70
10 71
35 72
49 73
13 74
74 75
71 76
17 77
30 78
21 79
27 80
29 81
25 82
4 83
61 84
24 85
44 86
80 87
10 88
13 89
35 90
19 91
8 92
83 93
39 94
71 95
80 96
19 97
2 98
53 99
22 100
30 101
22 102
4 103
5 104
94 105
72 106
87 107
76 108
2 109
42 110
100 111
109 112
46 113
77 114
43 115
105 116
9 117
65 118
35 119
89 120
99 121
109 122
52 123
59 124
78 125
48 126
73 127
22 128
104 129
58 130
83 131
26 132
119 133
75 134
121 135
17 136
29 137
75 138
110 139
98 140
112 141
15 142
2 143
15 144
8 145
81 146
119 147
111 148
74 149
127 150
104 151
63 152
38 153
136 154
93 155
155 156
76 157
95 158
140 159
157 160
92 161
115 162
48 163
158 164
157 165
45 166
111 167
73 168
33 169
96 170
15 171
124 172
9 173
24 174
120 175
161 176
128 177
132 178
57 179
170 180
75 181
15 182
80 183
122 184
72 185
185 186
78 187
39 188
13 189
69 190
166 191
163 192
90 193
136 194
67 195
67 196
103 197
56 198
173 199
69 200
51 201
86 202
32 203
97 204
2 205
91 206
12 207
122 208
21 209
65 210
203 211
87 212
1 213
176 214
19 215
102 216
45 217
204 218
52 219
35 220
88 221
137 222
42 223
222 224
1 225
27 226
125 227
163 228
97 229
176 230
26 231
48 232
145 233
171 234
201 235
134 236
88 237
170 238
125 239
239 240
237 241
203 242
100 243
27 244
168 245
210 246
134 247
36 248
214 249
196 250
91 251
104 252
282
172 49
210 200
84 244
175 100
72 212
210 88
198 246
82 37
67 248
240 123
153 58
111 112
246 130
168 159
167 165
120 86
85 78
34 168
193 80
140 137
39 97
224 108
215 177
17 29
45 4
24 197
61 134
180 178
12 96
85 50
132 76
135 216
153 40
3 218
119 142
102 29
111 197
137 73
122 153
225 166
156 248
234 89
2 33
138 137
128 222
186 131
46 192
218 70
104 93
35 94
234 8
123 216
205 131
160 198
155 133
111 182
252 216
142 125
248 28
9 248
249 66
250 166
130 216
108 233
180 14
74 33
22 68
249 98
70 156
43 96
160 25
150 160
240 39
156 107
66 165
226 187
102 224
224 231
59 79
83 238
93 157
18 238
96 138
83 38
166 249
133 73
21 30
104 8
193 8
238 6
44 212
192 17
55 36
248 237
114 78
222 78
106 111
187 74
249 141
111 162
137 115
106 157
17 210
36 209
89 22
86 132
105 150
20 159
185 15
15 170
217 236
248 194
218 54
15 214
195 249
247 79
236 225
108 252
182 15
80 142
36 165
145 12
62 164
42 246
179 56
164 15
163 31
208 129
84 95
214 150
91 81
101 74
53 80
197 106
94 24
247 130
61 139
13 122
50 55
240 100
110 23
114 145
177 194
21 132
36 234
30 250
62 2
72 238
81 140
91 174
36 85
175 96
223 188
89 145
114 200
244 95
94 230
239 18
43 7
150 78
113 51
75 46
52 18
32 4
30 122
177 65
207 224
32 49
31 120
65 144
192 57
238 33
158 97
51 200
227 72
149 211
122 95
5 45
113 160
172 142
29 96
78 107
67 109
28 97
100 92
112 39
20 222
196 49
66 118
248 164
189 16
123 182
111 127
98 223
158 17
236 58
236 185
37 51
41 64
19 12
27 3
175 47
224 118
95 161
235 215
72 43
230 66
224 88
64 193
182 221
209 37
27 192
221 63
114 133
250 5
145 24
7 67
194 102
184 37
10 38
123 205
80 224
19 175
184 82
115 237
51 71
22 77
134 114
11 248
247 8
124 139
31 130
205 225
231 8
133 112
169 127
64 248
222 82
170 153
164 156
138 86
98 31
34 231
144 44
98 138
51 221
148 205
98 224
49 200
231 53
59 19
179 123
14 149
76 55
173 111
82 182
196 179
212 229
158 228
144 127
237 194
96 133
19 65
104 67
13 207
120 195
97 170
189 111
66 13
37 239
123 119
168 191
45 252
167 74
227 183
201 83
124 168
87 14
232 63
205 116
17 72
59 237
