200 707382979 425324016
2 304717013 127956394
2 198384007 22057098
2 409468192 233141283
2 326748711 152151595
2 341602084 167004968
1 190915276 20906594
2 401667062 231658380
1 189041102 19032420
2 244970748 74962066
1 278067907 108059225
1 389359710 219351028
2 395854539 225845857
2 252179166 82170484
2 240124579 70115897
2 342915523 172906841
1 302902656 132893974
1 248833658 78824976
1 273829548 103820866
1 341639899 171631217
2 199408589 29399907
1 347988251 177979569
1 377472039 207463357
1 195514861 25506179
2 305449630 135440948
2 339243693 169235011
1 390259795 220251113
2 232599314 66080963
2 221353410 54835059
2 179562672 9987112
2 349075095 179499535
2 330682764 161107204
1 352918919 183343359
2 372337102 202761542
2 243520317 70773812
2 186624828 13878323
1 232036563 59290058
1 252602660 79856155
1 205540595 32794090
2 274632745 101886240
2 196958598 27960463
1 214610936 45612801
2 291855251 122857116
1 217107012 48108877
2 354211290 185213155
1 358460472 189462337
2 229869139 60871004
1 312940222 143942087
1 216012396 47014261
2 283421179 114423044
1 353901645 184903510
1 329376352 160378217
2 339500035 170501900
1 239431981 64887965
1 224918651 50374635
1 349110981 178243485
1 290007067 107541241
2 209727013 38174707
2 231017058 59464752
2 209795969 38243663
1 375652618 204100312
1 357294160 185741854
2 215849976 44297670
1 207386174 46710444
1 308270849 147595119
1 315253916 154578186
2 183559071 22883341
1 328579194 167903464
2 187317491 26641761
2 242544279 84049048
2 266977881 108482650
1 275061482 116566251
2 307524433 149029202
1 256481974 97986743
1 347923569 189428338
1 254721968 78729857
2 306156410 130164299
1 214321079 38328968
2 270303015 94310904
1 382616132 201057343
1 308397570 145752664
1 349745797 187100891
1 263259611 100614705
1 390120026 227475120
1 178981040 16336134
2 365990167 203345261
1 315391644 152746738
2 394917618 216573618
2 272622703 93521224
1 406027313 226925834
2 188682866 9581387
1 392862554 233577788
1 187317669 28032903
1 240363158 79063213
1 236511920 75211975
2 283783216 122483271
2 257874746 96574801
2 338655136 177355191
2 179582742 18282797
2 280601728 119301783
1 376816062 206793227
2 210231678 48772537
1 367310041 187820933
2 363601696 184112588
2 409062846 232385869
2 267099247 90422270
1 325059920 148382943
2 272208756 95531779
1 306401474 129724497
2 222611964 45934987
1 408781515 232104538
1 317831810 141154833
1 261815141 85138164
2 346702187 170025210
2 366958600 190281623
1 184989099 24680630
2 208045021 47736552
1 180564412 20255943
1 360895819 200587350
1 252244324 91935855
1 239894113 79585644
2 170455795 10147326
2 388763310 228454841
2 363587248 203278779
1 179175177 18866708
2 165643900 5335431
2 249768721 82803162
2 390173494 223207935
2 328052228 148925911
2 387716499 208590182
2 280361136 101234819
1 336132734 169601014
2 238878355 72346635
2 358914918 192383198
2 272950505 106418785
2 220712221 40268095
1 314448726 134004600
1 185526964 7349378
2 224815303 46637717
1 365260137 187082551
1 360385256 182207670
2 286278908 108101322
2 313900045 135722459
1 241275661 63098075
1 195485338 13488261
2 297215192 127276685
1 245974105 81308183
1 280365555 100947832
2 313334647 133916924
2 203645713 24227990
2 408717788 229300065
1 294758422 115340699
1 253186754 73769031
1 195180949 15763226
1 261559082 82141359
2 228686167 49268444
2 362958875 180563706
2 376201716 193806547
2 390763007 208367838
2 184469626 2074457
1 239538734 57143565
1 423507046 241111877
1 298336021 115940852
1 348902622 166507453
1 320831493 138436324
1 247228204 80267707
1 169724663 2764166
2 216829312 49868815
2 291946247 124985750
1 365861826 189108200
2 386190261 209436635
2 172733229 6297125
1 307962392 129515424
2 323264982 144818014
2 231729103 53282135
1 362345418 183898450
1 328354343 149907375
2 245586853 67139885
2 219315458 40868490
1 175470408 14586695
2 259556833 82336637
2 170105099 6114706
2 247507343 83516950
2 178285508 14295115
1 255862190 91871797
2 242649229 78658836
2 242025454 78035061
1 278680573 114690180
2 344520480 186378460
2 289318764 131176744
2 168268360 10126340
2 253193397 95051377
2 305050398 139929256
1 319997420 154876278
2 305572210 140451068
1 307976155 138484002
2 225797566 56305413
1 258177988 88685835
2 171302777 1810624
1 352281916 182789763
1 366334920 196842767