10
1000000000 711364692 49
1 285 743 872 1802 2055 3205 3608 4131 4170 4286 4650 5226 5639 5939 5944 5993 6176 6250 6339 6429 6466 6478 6508 6522 6865 8276 8991 9087 10217 10675 11861 12452 13048 13213 13981 15109 15153 15242 15573 16508 16737 17474 18643 18759 18794 19340 19398 19489 
623856605 547944780 49
1 69 81 1700 2898 2914 3079 3355 3661 4758 6945 7716 7947 8092 9809 9845 9876 9907 10511 11381 11448 11481 11978 12047 12202 12218 12440 12554 13100 13223 13256 13871 14453 14532 14625 15155 15276 15934 16699 17230 17522 17689 18440 19011 19197 19202 19601 19712 19996 
783383885 504132476 49
1 291 412 709 1325 1389 1401 1889 2579 2812 3129 3373 3906 4288 4474 4992 6161 7949 8568 8761 9388 9494 9536 10107 10819 10975 11255 11287 11481 11579 11897 12802 12962 13434 14119 14169 14549 15118 15625 15899 16224 16268 17762 18315 18464 18848 19346 19832 19925 
886581139 792175072 50
1 65 186 469 840 1750 3068 3242 4049 4393 5197 6678 6883 6907 7062 7155 7608 7771 7937 7991 8045 8409 8566 9006 9410 9984 10749 11080 11920 12255 13343 13983 14722 14987 15025 15265 15418 15585 15626 15684 15786 15892 16268 17023 17286 17347 17414 19421 19541 19756 
129739303 672059975 50
1 973 1332 1580 1602 2766 2810 2825 3841 3846 4057 4590 5030 5237 5653 5914 6084 6086 6432 7482 7773 7882 8759 8815 9048 9372 9924 10032 10279 10948 11962 12041 12133 12270 12512 12611 13045 15111 15763 17231 17497 17572 17638 17929 18368 18500 18791 19208 19523 19933 
475504934 820351808 49
1 153 1303 1409 2169 2430 2816 2955 3124 3308 3539 3813 3926 4099 4113 4744 5138 5412 5591 6135 6147 7011 8304 8862 9506 9760 10511 10867 11022 11475 12243 12893 12917 13326 13391 15057 16165 16515 16844 17102 17117 17167 17826 17868 18193 18649 18740 18839 19332 
777932122 939421443 49
1 133 286 592 1078 1285 2732 3436 3982 4309 4767 5286 5673 5915 7102 7104 7407 7458 7746 7892 8105 8363 8381 9442 9828 10499 10685 10735 10769 10826 11837 12048 12086 13035 13313 13957 14148 14438 14824 15660 16369 16989 17356 18199 18708 18880 19611 19849 19876 
449862176 982328492 50
1 106 2395 2480 2548 3440 3596 3683 3718 4739 5028 5177 5318 5416 5826 5846 5889 6312 6690 6840 7358 7837 9000 9309 9330 9826 9877 11152 12039 12169 12591 12614 12969 13060 13437 13529 13768 14766 14773 15058 15729 16280 17268 17364 17801 18717 18727 19126 19551 19754 
279126911 985203388 50
1 206 465 907 2468 3030 3164 3635 4707 4872 5295 5845 6056 6418 6953 7526 7606 8679 8696 8802 8841 9410 9813 9832 9897 10045 11079 11386 11471 11824 12151 12752 12840 13397 14290 14574 15013 15072 15254 16052 16160 17376 17658 17890 18857 19203 19313 19318 19536 19688 
597987434 545621796 50
1 270 480 1543 3544 3612 3899 4358 5560 5764 5944 6238 6322 6364 6401 6473 6689 7988 8093 8117 8875 9397 10131 10356 10783 10839 10981 11048 11139 11149 11151 12569 13099 13902 14895 15427 15451 15674 16543 16760 16909 16919 17126 17236 17434 17456 17575 18442 19316 19556 
