0
0
0
769455802
769455802
0
4113623590
0
70497834
1538911604
769455802
0
769455802
0
1514322826
0
2234685653
0
2214406125
3503815862
1514322826
1514322826
2934465489
0
2285050880
2560185344
4063084894
0
2334636828
1514322826
3576037172
1514322826
776284532
0
1514322826
499629867
1028238514
0
2857273956
1753401730
0
1753401730
1514322826
1514322826
1843310682
2285050880
3424276845
1514322826
1617581040
0
3662500740
837388224
2289666406
1752546721
1151458693
0
2322769780
3319996268
2322769780
3172217538
2443857975
0
3335534663
0
3060932816
0
0
0
794346565
3229004062
241951887
0
733867973
485536658
3962872035
3962872035
3360833137
2170118573
1290387641
2217394785
3875001026
2513750244
3599912041
1210181883
1210181883
3962872035
223993123
1210181883
545760236
3216228498
3360833137
2122347320
1480269779
3962872035
1210181883
3962872035
3613534447
1210181883
1210181883
3962872035
3962872035
1210181883
3962872035
4158067973
1210181883
1210181883
3962872035
538050527
397284400
2472726483
2344174593
472327178
425792896
1210181883
1210181883
3962872035
249078867
1210181883
3119026864
2002651052
1210181883
1210181883
1210181883
1001071177
3185964300
2002142354
4287171954
645355031
439019196
982515022
82662812
1210181883
292679464
1076113955
1210181883
1210181883
1210181883
1076113955
146339732
146339732
1210181883
1210181883
1210181883
146339732
3193260036
1210181883
1210181883
2383120779
1210181883
146339732
645355031
2606437829
1210181883
3296966451
3193260036
146339732
1210181883
626028884
3758509696
146339732
912921496
1210181883
1210181883
146339732
82662812
146339732
3461118684
146339732
1951972055
146339732
2050826780
2386258427
1053866855
2723806639
1857513044
445899164
1268456879
1951972055
2050826780
645355031
2078303872
215627554
2050826780
2050826780
2050826780
645355031
2050826780
2050826780
1558217387
1518394578
2027023140
2701641952
1503293706
1558217387
502680866
78224605
2050826780
502680866
78224605
1225643849
3601357317
2050826780
502680866
2050826780
1005361732
2050826780
2050826780
502680866
502680866
1410207989
2178575217
2178575217
2178575217
2178575217
808703781
2178575217
3134124505
2178575217
2062126966
1730145072
930613148
54928209
2582413956
2178575217
2178575217
1410207989
54928209
2829272305
1558217387
2178575217
808703781
2178575217
2178575217
753702325
502680866
1152848037
1005361732
502680866
2687809818
502680866
1410207989
2049240600
2972543339
2178575217
2178575217
54928209
3696068413
630294663
156065342
2581144060
2178575217
1434455432
503134171
62183138
350081971
1103857543
503134171
62183138
1731609266
503134171
2178575217
62183138
1091051151
2527547360
2527547360
4178972350
62183138
3331096901
2966884947
2240758355
2730579103
1939967987
3566689547
2139587336
1531774285
2537252663
1655789215
1655789215
2537252663
2537252663
3240098709
2177635413
1079801663
2537252663
3111975985
3316790693
4157762005
1655789215
2508074470
1832213951
2537252663
3076986093
3997625928
78179034
3292950492
779538030
2537252663
1253746797
2537252663
1735302641
3174681845
1498804164
1655789215
2537252663
2566202374
779538030
2566202374
2566202374
1599328667
2180730394
2490323197
3462628358
2566202374
3462628358
3462628358
3462628358
3588476335
3462628358
3462628358
1207902206
3462628358
2628268142
3462628358
2284497941
548850854
3462628358
4183628986
552948882
1196462004
3462628358
3462628358
2439677363
2284497941
3462628358
2533806809
3831493327
2721687247
2721687247
3499319989
3600903121
1360227343
2630289420
1706746383
783212733
3462628358
3499319989
3462628358
2019761005
2019761005
2019761005
2019761005
1160900741
3499319989
3499319989
4239409041
3462628358
3499319989
3462628358
3355799597
4213143243
1737903159
3462628358
2567002380
3462628358
3462628358
3462628358
1867608265
3462628358
3462628358
119362742
1676985340
3176099734
491683120
1121808216
2253987758
1557013046
3141723235
3462628358
2218785681
3643623954
3643623954
3462628358
3643623954
2345845715
163871166
1698641524
2992280612
2992280612
3216259290
3643623954
1288543525
166369498
3462628358
3462628358
166369498
2340937270
3643623954
2630289420
588864994
4037036061
3462628358
1293747479
3535135342
3462628358
3394158401
4065462802
652796558
4037036061
3462628358
4037036061
3462628358
3855005893
1427534377
2403882770
4037036061
3462628358
3572938399
3462628358
3263242356
2950958851
2796328588
4037036061
512774849
3462628358
3855005893
3462628358
4037036061
1154976427
3462628358
4122241290
4037036061
1154976427
1063848257
3462628358
1154976427
3462628358
3085100504
4203264127
2026389295
3881637867
4104563274
1666021899
3462628358
3462628358
2630289420
18200830
3462628358
1121518289
308998366
3462628358
3231835151
3462628358
3231835151
954079643
954079643
151731575
3140088099
1121518289
1758176668
1796674769
3262001130
154499183
36401660
3462628358
18200830
737486684
3462628358
3805965228
154499183
3462628358
954079643
196819873
3432997877
3462628358
3462628358
3462628358
3462628358
989102895
4009017412
3462628358
393522109
4009017412
3462628358
4009017412
3462628358
1535491949
4009017412
1052896393
2128953190
1025663842
4101395243
4009017412
3723067528
3538158718
1535491949
4009017412
913864836
3462628358
4009017412
4009017412
4009017412
1714110992
4009017412
1535491949
1934212900
2418684522
2471370762
4009017412
3450222277
4124397241
4009017412
4260254719
278928320
4239529538
4009017412
2276735850
1535491949
3723067528
1535491949
2429861855
1209342261
3014977525
4009017412
1574013070
2843918572
4009017412
3945871232
4009017412
4009017412
1669277157
1209342261
2676610480
1154399765
2697418023
1507575838
1209342261
1737511744
2009144577
2160041745
904965891
4009017412
2739944593
1209342261
211180587
3101207255
1497226032
2429861855
1535491949
3462628358
1209342261
4009017412
1674484786
2308799530
557856640
2519509181
1027312093
1684702825
4009017412
2429861855
3908123846
2418684522
3277420500
684463180
1148046729
4009017412
1521471658
1535491949
1209342261
2646993581
1612004992
4225648788
4009017412
3996976577
3462628358
4244740611
4009017412
4009017412
2967019717
1535491949
4124217902
2735642553
4009017412
2000210141
1535491949
3592312943
1535491949
2967019717
1535491949
1723423078
2928561608
2930780093
1279711903
4009017412
1535491949
2930780093
1535491949
2160041745
3723067528
3147135150
4009017412
4009017412
1192395055
2618478870
4009017412
278928320
3583710568
1564316253
2155449669
4009017412
1027312093
4009017412
1231671404
1646969377
382559716
1209342261
3077711713
3462628358
1535491949
4225906589
1535491949
4009017412
384221634
1988280087
1535491949
2132157542
3312685000
3985028194
946239109
1473465902
3022483414
919061971
1327974586
814710938
1114631091
3962930739
2201309522
2201309522
2580575988
922906554
571705018
3805082611
2527459210
595694236
3829139972
240935640
595694236
2527459210
2201309522
3715762391
595694236
706017377
1257835930
2201309522
3715762391
2527459210
2271679164
595694236
706017377
2569191566
3113649744
595694236
1505059713
595694236
1905179898
1382665226
2527459210
1180935422
2200478844
621654761
3963477735
2527459210
759951124
1744887709
298303999
831417435
595694236
595694236
706017377
672782600
327456927
223994857
223994857
2799004574
2304890731
2527459210
2763839750
1598223376
3963477735
857496959
4275851536
4244730448
706017377
706017377
1089673914
85932243
787038008
2527459210
595694236
2112104838
1578441495
3810359796
2840133766
2840133766
2744731228
718798773
2622830755
2035769770
2650379051
602541065
2174135731
1363088766
2840133766
3233083960
1661374889
595694236
706017377
2840133766
1018691933
1337365223
929192447
3428304782
382858926
2862175628
1266345207
3228589500
2236727398
2631730039
1578590877
291376267
1603224480
2162211704
4121936363
620477221
2902439812
3053605738
1104925006
3837103201
4272052359
1461600724
620477221
945376263
620477221
620477221
581569195
4260708403
6814024
732138364
4150148683
2621483562
610773545
1102956611
2141673041
2162211704
2649826173
3444560716
1043474918
789158035
1043474918
730800362
1179904881
174497463
730800362
1688445151
730800362
611605552
3405486648
4145944764
620477221
12916959
2902439812
4009017412
799654705
730800362
3853139296
1191387147
4145944764
181933725
397381816
3768864652
3195563225
33677102
904814892
1732787746
746318127
620477221
1043474918
3337820978
1289942752
1100393946
620477221
2568744145
358522554
1713322252
3228589500
730800362
3828709839
3228589500
595694236
373243871
2855034791
3586577950
1228621322
1043474918
2110936226
1178532869
3270844177
1178532869
2644525978
1109122712
1178532869
3281255279
865858313
593764635
865858313
1502557215
4000346353
4018567276
305499396
1455588492
4144075363
865858313
1767498353
4260972985
3139850465
3198196149
4000346353
865858313
1421381319
339663374
4000346353
88732814
1482593842
1031278253
3991339390
1502557215
2557684386
44940077
2965634384
3202862267
755535172
3708278457
3630463542
2992026657
788249625
1425000703
1502557215
4022000577
4000346353
1673859119
329928853
2998242379
1415950234
155894878
868158122
1458207881
778570877
2502315302
1502557215
755535172
166711264
3263298860
1572271688
831132866
1870902790
1679020688
966247198
3369163153
755535172
755535172
966247198
755535172
2575244660
3745916382
1296378741
2987220157
1671591363
1815231771
4144075363
609302792
1865976773
1673859119
2764338649
1398478138
4144075363
3674196665
865858313
755535172
4228746868
1792206479
1458207881
506223353
3780044436
286274660
1294524004
637878126
730752187
848893827
125582590
788249625
3320286721
1815231771
123622203
1933989183
94110445
4015336127
2592652690
3614440976
2095739242
545983070
1180598059
865858313
1108333199
2921916924
679587937
4250693360
4144075363
2432042069
123622203
1184505538
1113643338
818898501
3823367370
247244406
394647530
1253648706
2240099733
3425233304
748171999
755535172
384025481
1067949864
865858313
1425000703
654327829
1040977467
1686470837
2315606236
1708482689
2023472536
865858313
1673126458
1783064686
3014184659
