1000 3000
1 2 3 4 5 6 7 8 9 10 11 12 13 14 15 16 17 18 19 20 21 22 23 24 25 26 27 28 29 30 31 32 33 34 35 36 37 38 39 40 41 42 43 44 45 46 47 48 49 50 51 52 53 54 55 56 57 58 59 60 61 62 63 64 65 66 67 68 69 70 71 72 73 74 75 76 77 78 79 80 81 82 83 84 85 86 87 88 89 90 91 92 93 94 95 96 97 98 99 100 101 102 103 104 105 106 107 108 109 110 111 112 113 114 115 116 117 118 119 120 121 122 123 124 125 126 127 128 129 130 131 132 133 134 135 136 137 138 139 140 141 142 143 144 145 146 147 148 149 150 151 152 153 154 155 156 157 158 159 160 161 162 163 164 165 166 167 168 169 170 171 172 173 174 175 176 177 178 179 180 181 182 183 184 185 186 187 188 189 190 191 192 193 194 195 196 197 198 199 200 201 202 203 204 205 206 207 208 209 210 211 212 213 214 215 216 217 218 219 220 221 222 223 224 225 226 227 228 229 230 231 232 233 234 235 236 237 238 239 240 241 242 243 244 245 246 247 248 249 250 251 252 253 254 255 256 257 258 259 260 261 262 263 264 265 266 267 268 269 270 271 272 273 274 275 276 277 278 279 280 281 282 283 284 285 286 287 288 289 290 291 292 293 294 295 296 297 298 299 300 301 302 303 304 305 306 307 308 309 310 311 312 313 314 315 316 317 318 319 320 321 322 323 324 325 326 327 328 329 330 331 332 38 15 29 3 3 37 11 28 40 11 1 45 36 28 38 43 47 37 15 25 4 7 31 5 9 30 47 13 11 25 35 50 40 13 2 42 1 15 21 42 25 22 36 12 49 24 4 46 12 18 22 15 27 4 19 35 34 17 47 46 42 31 45 33 45 49 26 47 13 46 38 37 17 24 50 16 49 3 13 10 20 36 24 48 39 44 33 24 11 31 19 4 14 14 36 10 12 11 7 24 6 44 12 25 17 11 42 15 13 4 24 34 39 49 34 27 43 18 3 5 48 21 8 13 34 45 25 47 7 31 22 14 26 35 38 45 47 29 9 11 34 35 45 24 35 28 3 27 47 5 31 44 25 40 9 11 34 33 7 40 15 31 4 40 15 41 34 12 22 45 22 5 31 18 29 15 47 31 42 43 35 24 39 11 14 49 21 49 31 30 41 47 10 44 38 26 36 24 39 9 20 11 14 50 30 44 14 27 26 7 21 10 33 11 20 46 9 43 46 41 22 36 37 33 31 27 8 19 50 47 27 19 9 42 20 38 37 33 16 12 40 39 21 22 49 43 19 8 35 16 50 8 4 37 40 36 15 49 4 16 45 33 34 5 26 3 43 13 37 10 24 28 50 47 1 49 41 21 8 27 37 7 34 42 45 23 27 9 23 33 24 18 15 9 22 42 13 16 6 50 28 32 29 27 30 30 27 20 50 34 46 38 41 29 29 35 3 6 46 25 38 19 44 4 30 18 47 42 35 3 43 12 36 632 615 257 539 377 213 130 258 315 517 413 73 570 643 435 426 10 28 378 445 209 571 172 184 490 102 480 128 690 607 407 294 24 552 533 683 476 281 164 330 415 563 618 61 563 302 241 707 200 359 120 251 145 680 165 416 644 572 271 76 40 615 379 196 351 235 362 501 182 641 629 723 167 730 723 574 523 735 717 383 513 409 568 356 381 597 613 405 737 500 354 217 558 254 246 92 408 193 40 266 764 161 281 223 198 239 239 58 462 23 719 19 217 222 71 57 542 765 548 580 177 440 451 643 134 165 108 718 351 112 581 347 784 666 90 19 40 248 607 521 767 66 123 657 341 800 305 67 678 811 726 170 674 712 684 801 720 724 187 758 476 550 539 156 489 831 74 46 87 430 61 468 115 392 100 73 39 379 162 24 658 586 296 70 697 718 806 36 674 819 507 827 107 86 580 317 419 321 791 557 194 421 676 781 401 677 14 755 436 357 637 292 722 729 392 715 615 785 153 184 544 335 839 522 756 520 769 435 360 520 181 662 483 149 405 874 210 246 196 834 53 607 312 515 46 326 598 317 781 29 842 486 211 812 232 121 47 710 492 156 195 579 659 449 49 497 664 573 600 220 714 357 123 217 279 764 669 92 100 438 516 448 595 601 275 777 558 582 622 428 819 706 182 150 328 479 349 898 749 504 114 57 843 367 51 153 277 254 202 744 226 948 158 138 384 372 342 395 819 402 626 249 419 839 708 553 723 357 203 655 3 483 787 303 5 517
5 576
5 377
5 125
5 521
5 948
5 945
5 890
5 81
5 706
5 466
5 424
5 392
5 79
5 941
5 170
5 765
5 462
5 895
5 932
5 414
5 713
5 985
5 456
5 421
5 731
5 87
5 394
5 63
5 887
5 910
5 638
5 263
5 35
5 510
5 210
5 979
5 400
5 643
5 37
5 865
5 66
5 428
5 295
5 358
5 597
5 59
5 171
5 492
5 342
5 937
5 556
5 679
5 99
2 79 813805369
3 787
1 507
3 139
2 79 227570296
2 945 800326562
2 941 953457678
4 29 769455802
2 466 836509712
1 389
2 985 695932612
2 932 799993008
2 895 70542222
3 771
4 299 630645230
1 632
3 179
2 679 700083299
1 749
3 192
2 985 146280345
3 349
1 905
4 820 44928506
2 424 77824014
1 640
1 652
4 114 820314002
1 474
2 66 602114192
4 27 744867024
3 822
2 79 849534408
2 394 449752835
2 59 584409888
3 987
2 424 261804921
4 146 326966077
2 66 168613862
2 510 37302977
4 688 721224269
3 39
4 689 604404326
3 883
2 937 225411061
3 679
3 985
3 365
1 93
3 154
2 713 95611665
3 596
4 542 268907774
3 814
2 979 461992356
3 781
3 136
2 59 835793298
4 186 914434267
1 650
3 830
2 79 154856527
4 566 450893386
2 295 972812356
1 101
1 217
3 939
2 492 658136195
3 2
2 170 629029156
3 647
3 774
2 295 245747635
2 35 239078904
4 919 116541166
1 321
3 787
2 87 535096086
1 529
4 122 762673940
3 327
1 662
1 729
4 181 869490982
4 319 922463869
2 424 310076307
1 530
1 108
3 906
2 887 412635121
3 192
1 69
1 995
1 513
2 985 907027115
3 227
4 2 238223895
4 215 653287424
3 604
4 725 285532919
2 510 168308290
2 37 570223059
1 208
4 477 138866465
3 327
3 102
2 263 762333932
1 692
3 780
4 305 106991980
4 180 605137489
1 683
3 969
4 838 861754267
3 222
1 863
2 37 31815839
3 766
3 118
1 568
2 765 402384395
1 169
4 525 114395385
3 511
4 463 878229678
3 122
1 535
4 16 556122670
4 721 956530805
3 354
2 99 526102216
1 876
2 342 346163943
3 910
4 7 318295773
1 50
1 975
2 456 852432087
1 529
4 1 733867973
2 597 508177911
4 909 215695363
1 688
3 893
1 360
2 937 623054283
3 410
1 392
4 689 252893031
4 726 681285717
2 1 476313910
2 713 697965209
3 291
4 674 304101882
4 391 25181277
2 456 127021615
1 869
4 176 140225289
4 123 668891693
3 263
2 171 974343686
3 146
4 988 520515300
3 69
1 478
3 736
2 424 86198403
2 948 598327384
3 443
4 153 344960839
3 685
4 864 441109804
1 228
2 400 409213309
1 786
2 887 934575028
2 171 84964760
2 492 35115458
2 521 988652331
4 52 26506782
2 263 694228989
3 615
3 38
2 171 511440372
2 910 558476666
3 956
1 312
1 752
1 435
2 377 60746712
4 445 849035196
2 392 91013976
3 667
2 171 26606455
4 476 414797119
2 125 658398794
1 403
2 421 320822053
3 905
1 367
1 489
3 923
2 865 905761816
1 470
1 615
2 466 712018568
2 171 856889976
1 516
4 130 221827273
1 842
2 937 162525243
1 749
2 932 238429245
1 352
2 99 807318057
2 576 734633749
1 39
3 312
3 695
4 753 453502095
3 320
1 961
1 221
3 922
2 456 559430962
4 524 220040746
4 744 567128578
2 910 215974499
1 970
3 736
3 418
3 269
1 686
3 342
3 673
2 81 423288749
4 825 430776071
1 572
1 688
4 712 876251149
1 32
4 449 258678590
2 37 258872858
4 108 384224642
4 31 219562135
1 175
2 887 89037109
2 421 966792141
3 951
2 63 94894576
4 548 217186812
3 715
2 400 584443110
2 731 125390802
4 557 544365717
3 132
1 967
3 539
2 948 233526276
4 757 635594541
2 87 465750649
4 996 166473467
2 428 177676414
3 308
1 678
3 880
2 765 961767147
2 394 22841698
4 553 794064048
2 937 195587509
3 708
1 240
1 686
1 386
4 602 71647965
3 634
1 258
2 713 252748525
4 221 293284060
3 549
2 945 838825942
4 721 425433306
1 661
1 836
1 653
2 358 791758621
1 4
4 540 114003821
1 482
3 123
1 448
4 754 354897840
4 766 335663544
1 380
3 225
1 460
3 493
2 35 980141057
1 793
3 768
4 873 975572946
3 491
3 275
2 887 895761476
4 378 120578072
2 377 539572347
2 638 882020214
3 123
1 51
2 937 523238396
2 895 917983331
1 603
2 295 293472079
4 374 167241242
4 260 118524394
4 577 473107233
2 948 989142395
4 223 618363051
3 133
2 517 60530444
3 227
1 737
4 291 879557894
4 694 38539734
2 985 34724960
4 242 991752987
3 698
2 171 38080759
4 398 529194130
4 425 983084866
3 509
4 203 875858100
1 413
1 803
2 1 840644897
1 915
4 967 52144883
4 534 125301406
2 462 630391155
4 320 534349397
1 700
3 268
4 534 348294315
3 551
4 309 5115089
2 35 549218918
4 476 569952865
1 251
3 528
1 9
3 162
3 649
2 394 878485402
2 392 802222391
1 323
2 342 814307245
3 413
1 342
2 643 594426669
3 245
1 228
2 521 999578504
1 684
1 116
3 787
4 403 691613809
3 171
3 474
1 950
1 529
1 102
1 385
4 27 356341134
2 394 85420378
2 517 480842561
4 78 556521222
1 460
3 967
3 267
3 115
1 265
3 296
4 835 532257425
4 996 912145695
4 534 633065655
3 922
1 53
4 569 775646872
4 998 332168095
4 188 736522906
2 125 830595320
2 597 780844908
3 1000
1 577
2 706 790583525
2 59 551264479
2 706 494247012
2 731 882744080
1 805
4 681 378028692
1 333
2 358 787067709
1 90
2 945 814854232
1 974
1 851
4 324 888108410
1 55
4 320 625559291
4 405 904442187
4 195 525284984
2 521 931475907
2 521 72905461
1 490
3 552
2 979 348610636
1 344
4 822 132485843
4 591 89416578
2 890 297476035
4 834 808058856
2 342 248186054
2 87 171134240
2 910 706545788
4 181 493617727
2 81 735964800
4 234 215780403
1 561
2 358 826854442
2 63 406706427
1 874
4 278 497386836
1 737
2 1 127748437
4 155 483411049
4 373 264423851
1 475
1 343
3 981
1 488
4 325 118847114
1 962
1 262
2 428 8998248
4 230 291556312
3 665
1 868
3 464
3 544
4 636 84330544
3 71
4 558 711343618
3 85
2 394 62473007
1 792
3 424
3 422
3 639
4 303 889609048
4 474 169425915
4 369 566182985
3 530
4 600 975003044
4 510 538863014
2 985 221570099
1 136
3 456
1 114
3 547
3 773
2 424 507593717
2 466 548131834
4 424 37858146
3 619
3 494
1 979
3 742
2 521 998974317
1 271
4 457 125126877
4 274 102547902
3 401
2 865 98170948
3 935
4 527 419661867
2 521 419044643
1 675
1 42
1 920
2 81 52404841
4 211 799563068
1 941
3 255
2 392 138793452
3 526
1 598
2 643 798746752
1 146
2 421 961541017
3 358
1 895
3 294
1 576
2 421 328113215
1 776
2 576 78367211
2 948 812647071
4 4 453305
2 597 772248752
4 80 294700457
2 63 516702460
4 226 279982493
3 17
4 429 722291673
2 679 220216503
1 52
3 632
4 580 271218468
3 926
3 988
2 462 145930115
3 933
3 367
2 521 99086989
4 566 858768687
1 81
1 49
1 448
4 548 783049830
2 576 769974348
3 557
3 88
2 706 381100694
3 878
2 81 733777808
2 945 230133101
4 738 193821067
4 301 492630987
1 282
2 66 828715675
1 887
4 257 448886045
3 362
2 521 838690570
4 258 932282983
4 910 424913970
4 395 808969251
3 287
3 121
3 500
4 276 154766019
2 1 358677446
3 999
4 27 836110444
2 81 569822626
3 852
2 597 536129292
2 941 462952855
1 867
1 330
2 358 676624612
1 521
1 494
4 485 198207691
2 37 316544600
4 925 360419423
1 497
2 428 252155087
4 536 302108172
4 632 903325846
3 404
4 180 195298006
1 875
4 315 280512185
4 423 998434783
4 376 480560010
4 813 308376577
4 165 305254095
1 668
4 841 302664083
4 39 67554382
3 497
2 99 866776130
2 63 455328195
4 631 409421504
4 897 794599449
2 400 784335208
3 222
3 228
2 392 65987202
3 412
2 263 785090614
4 928 951756479
2 713 287421785
3 978
4 313 96303721
2 945 78423113
3 580
1 958
4 744 656176553
4 241 741072528
1 527
1 215
1 869
2 428 464729627
4 134 58127904
4 346 763668565
1 970
2 81 416421470
3 272
2 392 977150276
3 897
1 358
2 765 304821727
3 117
2 731 385844794
2 414 71839438
3 632
1 507
3 739
2 948 622998764
1 452
4 232 23245388
3 133
1 79
4 627 283641679
2 890 952194362
3 86
4 306 882229892
4 792 109627119
4 213 197265815
4 327 34953453
1 795
1 430
2 941 652495630
1 261
2 37 628708726
4 927 826506323
3 409
2 66 677358114
1 234
2 1 925375695
4 434 765058175
2 887 507283580
4 863 242275645
1 855
2 125 926983597
3 853
1 845
3 270
1 515
1 904
1 580
2 521 783258982
2 979 728416885
2 170 6867933
2 377 402836340
4 718 14878795
4 388 409660921
1 630
3 564
3 126
2 171 788224482
4 132 62065768
2 510 651809478
1 682
3 955
2 466 170643788
3 73
4 235 378128102
2 66 533661991
1 15
3 761
1 531
2 456 212249270
1 334
3 287
1 934
3 55
1 204
4 86 304891394
4 240 334116715
3 189
3 693
2 81 29601718
2 865 804500951
2 170 98480741
4 947 187543094
2 414 757957135
4 785 498270729
3 997
2 63 219368723
4 163 649024923
2 556 556032595
4 895 770337887
2 638 33504000
4 583 59535189
3 85
4 219 367227881
3 410
2 392 131007439
3 691
4 518 539634213
2 428 800510331
2 643 512382120
2 377 198746498
2 576 450096652
4 20 249308868
2 428 274826081
1 923
2 59 501939556
1 773
4 23 965513180
1 191
3 975
2 424 795942607
4 47 858188132
1 39
4 521 116011961
1 331
2 643 795019587
3 773
3 595
4 135 659533662
1 111
2 392 357313951
3 51
3 577
1 971
4 922 892109402
1 797
1 241
3 773
1 240
1 234
4 746 500974864
2 948 546779236
1 78
2 937 991358639
4 367 615323064
1 57
1 923
1 191
3 748
3 454
1 785
1 290
3 256
4 99 31156776
1 102
2 394 339546812
1 347
4 755 256233676
4 55 516084599
2 462 429729937
1 260
4 424 814473977
1 434
1 26
3 433
4 461 373386289
2 643 332273412
2 679 383734348
2 517 632125439
2 895 123012629
3 234
2 492 485757867
3 338
1 8
4 199 609097354
3 937
1 817
4 977 904304305
1 856
2 400 363931896
4 377 898780882
4 410 79928737
1 183
2 37 144303965
1 316
1 939
2 358 116945218
4 940 725744457
4 72 887735477
3 138
1 107
2 170 444599530
1 665
4 286 209241988
3 1000
4 145 397501583
4 999 26156919
3 418
4 392 433518849
4 504 127456822
1 902
1 621
3 911
4 269 599972026
2 517 933578294
3 570
3 282
1 138
2 424 951273924
3 827
3 708
2 63 24589278
1 324
1 935
1 706
1 988
3 560
4 670 146788842
3 634
1 235
2 706 972870367
3 539
2 66 176926340
2 945 951591740
2 945 373994720
3 803
2 948 104674292
4 570 875551020
4 390 464800578
4 395 128641433
4 241 441258691
4 151 29083389
4 13 393412107
2 377 352163106
4 321 209130332
2 985 658302280
2 895 85399
3 402
4 677 772114452
3 903
2 66 202713022
1 935
4 717 85636702
4 227 894946983
3 950
2 377 527689618
3 277
4 694 234749186
1 122
1 443
2 424 6091651
4 61 133049141
4 438 634563364
1 704
1 428
2 66 585437556
3 263
2 948 391338943
3 469
4 639 966686219
2 456 469390192
1 913
1 39
2 392 96314398
4 39 178779998
4 505 340612235
3 691
2 887 756972954
1 475
4 854 232646906
4 324 939493845
3 466
4 464 178691273
2 79 806317532
1 162
1 539
3 611
4 885 687751686
1 263
1 625
3 476
4 203 163154124
2 171 340627093
3 839
2 731 547434488
3 284
3 947
1 937
1 28
2 466 611386116
1 555
3 628
4 416 241881291
2 462 73813260
1 609
4 527 600652956
2 263 459133208
1 712
3 471
2 895 688478645
2 466 276741622
3 643
4 839 936685307
4 377 344101550
1 42
4 428 41942901
1 302
1 904
1 473
2 517 117971350
1 820
2 765 740423428
4 191 704942245
3 877
3 109
4 838 362940400
4 89 257598793
2 462 249903572
4 339 291680700
2 358 971695808
3 87
3 936
3 13
4 868 508976966
1 745
2 713 278222432
3 313
4 44 868351600
1 998
3 984
4 33 276132065
3 655
2 937 515122196
2 210 60962191
2 941 577050116
2 171 195512113
2 466 580235202
1 644
1 422
1 860
3 787
4 668 849570906
3 495
1 262
2 979 351322178
4 838 135130001
2 521 118483139
4 300 990918962
2 765 245437454
4 743 7841808
4 580 142971809
5 302
5 745
5 481
5 109
5 228
5 942
5 668
5 972
5 233
5 406
5 622
5 105
5 786
5 329
5 434
5 307
5 296
5 749
5 958
5 977
5 555
5 431
5 48
5 319
5 856
5 61
5 717
5 18
5 993
5 934
5 89
5 766
5 779
5 669
5 446
5 640
5 291
5 851
5 613
5 396
5 637
5 181
5 588
5 281
5 604
5 565
5 836
5 34
5 612
5 154
5 595
5 820
5 567
5 664
5 837
5 911
5 507
5 999
5 362
5 285
5 667
5 772
5 730
5 659
5 933
5 271
5 810
5 569
5 564
5 215
5 151
5 623
5 818
5 715
5 458
5 203
5 327
5 963
5 149
5 498
5 881
5 812
5 334
5 791
5 760
5 192
5 142
5 473
5 476
5 160
5 245
5 557
5 489
5 793
5 468
5 409
5 356
5 809
5 975
5 506
5 783
5 144
5 221
5 592
5 698
5 899
5 199
5 787
5 10
5 930
5 122
5 272
5 71
5 594
5 582
5 190
5 7
5 752
5 848
5 896
5 315
5 608
5 251
5 583
5 108
5 258
5 726
5 680
5 850
5 776
5 756
5 974
5 677
5 542
5 335
5 757
5 471
5 380
5 893
5 402
5 830
5 475
5 591
5 578
5 684
5 75
5 580
5 225
5 182
5 303
5 862
5 39
5 78
5 143
5 794
5 403
5 687
5 737
5 158
5 545
5 308
5 946
5 137
5 888
5 325
5 805
5 30
5 8
5 629
5 135
5 651
5 703
5 875
5 237
5 607
5 177
5 450
5 645
5 606
5 790
5 411
5 477
5 97
5 339
5 986
5 641
5 646
5 387
5 938
5 134
5 967
5 825
5 459
5 771
5 207
5 693
5 454
5 758
5 695
5 42
5 223
5 491
5 361
5 83
5 503
5 188
5 493
5 284
5 183
5 316
5 924
5 180
5 702
5 213
5 314
5 390
5 124
5 596
5 288
5 761
5 347
5 397
5 807
5 389
5 113
5 29
5 879
5 474
5 209
5 313
5 976
5 306
5 384
5 340
5 621
5 520
5 674
5 872
5 185
5 694
5 261
5 248
5 360
5 540
5 166
5 815
5 652
5 547
5 107
5 804
5 855
5 515
5 239
5 898
5 755
5 769
5 800
5 635
5 885
5 816
5 363
5 528
5 437
5 919
5 252
5 570
5 297
5 399
5 6
5 202
5 552
5 663
5 727
5 743
5 391
5 849
5 512
5 65
5 1000
5 541
5 633
5 634
5 777
5 996
5 156
5 785
5 426
5 372
5 388
5 348
5 962
5 36
5 746
5 41
5 299
5 563
5 913
5 961
5 56
5 639
5 447
5 256
5 858
5 842
5 241
5 626
5 642
5 589
5 320
5 725
5 691
5 112
5 5
5 499
5 3
5 539
5 654
5 577
5 452
5 966
5 442
5 21
5 236
5 445
5 884
5 214
5 632
5 64
5 699
5 951
5 788
5 610
5 994
5 867
5 998
5 222
5 12
5 443
5 840
5 841
5 38
5 268
5 76
5 906
5 903
5 839
5 889
5 538
5 106
5 184
5 357
5 365
5 457
5 96
5 133
5 4
5 705
5 774
5 568
5 355
5 408
5 744
5 835
5 369
5 472
5 559
5 55
5 448
5 551
5 161
5 734
5 311
5 267
5 973
5 811
5 412
5 310
5 767
5 31
5 93
5 279
5 168
5 15
5 422
5 526
5 978
5 712
5 330
5 733
5 140
5 194
5 496
5 262
5 784
5 290
5 488
5 287
5 917
5 965
5 806
5 331
5 883
5 685
5 231
5 453
5 782
5 260
5 273
5 58
5 660
5 318
5 123
5 873
5 834
5 117
5 26
5 478
5 611
5 718
5 860
5 523
5 801
5 940
5 534
5 780
5 504
5 808
5 128
5 696
5 193
5 250
5 921
5 378
5 74
5 44
5 690
5 196
5 410
5 759
5 449
5 264
5 863
5 536
5 371
5 92
5 246
5 673
5 676
5 17
5 553
5 455
5 277
5 902
5 852
5 46
5 226
5 829
5 444
5 187
5 332
5 359
5 423
5 530
5 802
5 525
5 337
5 45
5 947
5 869
5 524
5 661
5 560
5 72
5 747
5 562
5 60
5 9
5 383
5 891
5 278
5 259
5 227
5 19
5 697
5 257
5 90
5 581
5 328
5 102
5 558
5 127
5 868
5 441
5 439
5 235
5 157
5 68
5 845
5 735
5 575
2 731 494271122
6 820
2 528 415131344
6 9
2 860 534909033
6 446
5 892
1 647
6 865
4 840 778202451
2 228 20725181
5 2
3 940
1 922
1 105
2 632 817680089
2 769 927185097
1 958
3 55
1 85
6 45
3 275
2 726 9312086
3 16
1 328
2 875 982747259
1 886
6 921
5 915
3 378
3 996
4 270 147531432
3 871
5 886
5 463
4 689 455895216
4 836 608144101
3 92
5 522
6 456
6 731
6 72
5 832
4 178 201162726
1 612
1 161
3 999
2 452 977629910
1 489
6 793
5 609
5 416
2 489 497130471
2 560 755412930
4 415 477821163
2 777 783266726
1 105
3 915
5 490
1 259
3 665
2 299 15363670
4 41 326149688
1 873
6 17
6 958
4 36 644752377
3 701
2 157 117481938
4 964 848720204
6 222
2 842 301868397
5 531
3 368
1 600
6 26
6 311
4 4 546389054
4 190 999371089
4 480 674199252
2 685 554136704
5 418
2 215 933844816
1 540
3 368
4 751 697286902
5 413
3 55
5 620
6 790
2 125 905605804
6 560
2 74 944524408
3 624
2 442 670171518
2 180 566011179
1 411
2 30 586133076
1 386
4 527 994093180
3 337
6 490
2 811 799042336
3 410
2 835 768683329
2 687 637407606
5 220
4 908 169743083
3 508
2 856 626960468
6 8
4 127 595523066
6 79
3 69
2 328 31268226
3 266
1 264
3 144
5 666
2 134 14654140
4 308 438900052
4 163 671345400
1 409
5 216
5 928
5 317
5 479
5 502
2 972 96578667
2 806 10281404
2 993 488541478
6 29
5 527
3 601
2 557 151479582
1 331
1 579
3 986
6 654
1 983
1 338
3 441
5 956
5 708
6 331
1 604
4 222 511918545
4 805 870102876
6 785
3 786
1 75
2 858 318862581
4 840 139708586
4 578 70821923
4 122 310400783
2 829 38521121
5 121
2 342 674413392
5 707
3 420
3 935
1 136
3 468
1 796
4 580 125840906
1 496
5 195
2 474 69752719
4 971 820316910
5 736
4 365 28824304
1 825
4 621 115200490
5 748
4 95 495648955
2 641 98877164
3 236
1 916
2 239 922067840
6 555
1 229
2 534 105147015
6 358
4 330 191857724
6 825
5 165
1 837
3 732
3 603
2 725 946592587
2 765 457830480
6 523
3 49
5 662
2 135 414056717
3 968
6 156
6 66
2 887 916809216
6 976
4 303 380275177
6 112
2 707 40653404
5 675
3 550
5 304
2 850 878045519
5 249
4 487 742207270
1 723
5 900
1 156
6 359
2 945 168853016
2 320 553894448
3 838
4 373 366423829
6 236
3 766
2 474 147136458
6 38
4 690 628552842
1 832
6 913
2 295 653518343
4 683 185056318
1 829
2 36 69636514
1 135
5 627
4 968 438184865
5 255
1 857
6 578
2 888 951926342
4 887 660421102
4 206 789311055
6 34
6 360
1 976
6 932
2 7 235723199
3 481
3 984
5 913
6 898
2 287 292632614
4 618 74978501
5 460
4 171 935403860
4 368 938016835
5 119
3 988
1 516
3 65
2 36 670286841
6 285
1 95
2 948 875569713
1 328
4 787 312542171
5 957
3 220
2 690 972942452
2 699 221468792
1 339
3 492
4 597 261334565
4 455 676647849
4 168 339867420
2 133 651332961
3 772
5 88
6 592
3 799
6 403
2 380 729331385
3 185
1 473
6 794
1 125
1 446
2 413 800866527
2 536 29103275
4 675 478122215
1 831
2 850 393816447
3 739
1 210
6 479
4 586 82939439
1 719
1 513
2 392 1211151
4 404 626048563
5 451
1 3
3 602
3 391
3 166
2 996 242016249
6 545
3 801
3 710
5 657
3 23
3 530
2 90 524802912
6 476
4 830 830523949
5 366
3 303
2 879 60489853
1 449
6 840
1 145
2 801 746402782
2 674 979256156
3 683
4 124 188617015
3 843
5 24
3 809
5 789
3 272
4 151 27305718
5 167
2 730 410057519
5 908
6 315
5 790
1 283
6 706
4 866 534043834
3 623
3 318
1 47
6 297
2 816 654755404
1 487
6 30
1 217
4 290 775036627
2 117 19539471
4 921 303153364
5 671
3 195
3 81
5 34
5 921
4 838 303701344
2 744 108028159
2 845 149857628
1 443
5 467
4 935 524707216
5 218
1 313
2 746 727058670
6 558
2 396 452788138
1 650
1 615
3 616
6 123
1 873
5 573
2 507 693647176
1 110
4 712 414511595
6 735
1 644
1 621
3 52
5 300
6 760
5 38
2 161 232902965
6 190
1 436
3 298
1 57
1 712
4 441 693031469
6 357
4 262 57144535
3 646
3 967
1 703
6 307
6 39
2 447 334193757
2 873 439339468
5 953
6 694
1 817
1 125
1 209
5 995
5 104
1 956
4 611 165419940
1 457
6 329
4 814 138652422
2 953 726969833
4 429 455073606
4 371 168680814
6 699
5 45
3 345
1 208
2 911 50323423
2 449 332852955
6 575
2 577 701706797
2 188 188192225
5 949
2 325 309148130
6 42
6 675
3 933
5 706
4 673 707553277
5 584
3 799
5 269
2 144 125455958
3 523
2 812 415376582
5 976
5 925
2 421 259274275
3 773
4 465 718687577
6 733
2 540 781407268
5 543
5 874
3 437
5 169
2 687 852019751
5 417
6 434
4 206 266284926
1 504
2 402 350135106
4 294 274847433
6 356
4 581 191343772
4 603 454391208
3 220
4 259 583106701
1 129
1 16
2 942 595783511
4 798 273614260
5 719
5 598
5 123
4 726 399911391
4 431 250885963
5 222
5 959
6 883
5 760
2 372 68854343
5 484
6 378
5 575
6 966
1 924
3 89
5 150
4 398 61188064
6 937
1 365
2 273 27059879
3 7
4 141 463993705
6 812
2 835 776471271
6 492
3 668
5 654
5 636
2 1000 726263924
2 337 753323803
6 313
5 130
6 886
4 50 634284317
3 589
2 845 913583945
5 336
5 131
1 20
3 120
5 333
5 731
2 63 618107395
2 195 804341032
1 720
2 123 572230640
3 364
5 738
3 588
2 697 430520428
5 43
5 82
4 497 198884977
5 141
2 287 798985309
1 903
1 370
3 703
2 941 78475519
4 823 277077312
4 139 135850706
4 221 612731495
1 474
5 495
4 987 891231110
5 773
5 907
1 373
2 868 536446147
1 26
1 442
6 262
2 221 441031491
5 630
6 956
4 781 946543093
2 589 198748939
3 396
1 931
6 12
6 607
3 758
6 19
5 701
4 21 110323141
6 961
6 815
5 374
6 856
4 154 472108760
5 770
1 313
4 277 224002766
4 197 189033874
2 570 100608076
4 340 79383047
2 506 967452490
4 440 893346863
6 18
1 903
5 954
3 4
5 878
5 13
4 473 200376675
1 945
6 567
6 362
4 577 302191561
3 415
3 157
2 957 952319428
6 525
5 376
3 322
2 199 216452432
4 857 981252444
4 731 914125269
2 855 926381140
5 795
1 231
5 230
5 344
4 220 884220930
2 893 381543305
1 263
1 149
4 5 881644120
1 742
2 235 22791116
2 441 770777349
6 144
1 39
4 426 93358655
2 121 911521163
5 446
2 584 950576169
4 260 58955364
6 363
1 921
1 474
2 708 599314238
3 940
2 83 10790550
1 941
1 378
2 893 342913719
4 339 312174963
5 465
2 76 639021157
1 872
4 994 57497438
6 693
5 607
3 87
3 644
2 888 735199463
5 427
6 873
5 689
6 528
5 909
4 954 937732975
6 852
4 458 27004657
4 202 49949743
3 547
1 646
1 795
6 946
2 473 854190217
4 223 464011248
2 752 131329718
1 294
1 498
1 554
2 317 853672601
3 155
1 446
5 73
4 648 256189668
5 593
1 294
3 470
4 313 116557638
1 956
5 247
5 393
1 603
6 695
6 770
3 374
2 841 587060985
3 766
5 987
3 201
2 121 83038952
1 498
1 811
1 361
6 387
3 837
6 203
6 396
3 455
6 573
4 983 104080770
2 466 950387578
3 499
1 939
3 61
3 919
4 131 123175037
6 471
6 75
5 136
6 907
5 163
6 166
5 653
2 295 940012431
1 735
1 44
2 431 369999694
6 890
3 618
4 389 758183992
4 747 335426934
3 449
2 945 25072266
6 949
2 304 630655009
4 220 274487028
5 914
3 745
5 362
2 536 104414601
2 154 93271111
1 8
2 245 683042949
4 273 212177112
1 436
5 156
4 310 918634168
1 883
1 750
2 832 944321624
2 506 602450619
3 900
4 907 200795907
3 209
3 298
3 298
3 78
2 737 183396197
4 534 856498355
6 635
6 272
3 34
1 928
4 587 733529141
5 700
4 349 211008025
6 463
5 404
4 778 703485396
5 282
3 288
2 539 271025327
2 782 216192618
6 468
5 968
5 27
3 246
2 727 889537719
6 194
5 904
2 222 554236449
1 187
6 65
6 884
4 812 36217315
6 335
3 866
6 424
6 235
2 712 647660012
5 353
5 785
2 517 22337018
1 83
6 829
6 465
1 130
5 831
4 236 47692495
5 822
1 25
6 666
1 26
4 321 628854225
4 457 819926797
5 882
4 62 846636649
1 466
6 696
6 388
6 591
3 842
1 797
1 54
4 568 521927511
1 343
5 294
3 926
1 875
3 710
6 221
2 437 925653341
4 28 312674556
6 408
4 461 957788243
1 755
4 449 847790515
6 962
4 217 256734520
4 91 180319980
4 319 720996041
6 660
4 448 664984992
1 549
3 768
4 56 397834586
2 779 89377398
1 97
2 422 532010624
1 841
1 859
5 901
3 64
4 175 148865611
6 60
3 814
4 463 812133922
4 356 538330329
5 356
3 436
2 412 702672709
1 236
4 95 42319249
2 347 531377683
5 274
5 346
3 350
6 31
4 156 231065495
1 200
5 354
6 957
3 943
4 289 889936533
6 633
2 258 216161073
6 230
1 785
4 593 330493386
4 108 581899416
5 297
4 558 50745002
3 604
2 455 29765526
3 369
4 344 55957988
2 417 156863248
1 336
5 266
5 326
4 927 904789064
6 24
6 855
5 132
4 10 24782985
4 378 999645685
6 27
4 275 322574222
6 804
2 850 570695839
4 373 816272490
3 186
1 842
1 727
4 537 247226581
4 448 987247590
1 321
3 175
2 801 600755273
1 77
5 75
5 592
4 35 363672749
6 122
6 948
1 47
6 627
1 932
1 761
4 811 807247536
3 930
4 165 900419758
4 591 98554224
6 125
4 226 132125926
6 337
3 773
2 344 472753044
5 430
3 875
4 764 601098057
3 664
3 788
3 561
2 151 861096998
5 47
6 261
5 912
6 247
6 473
1 574
2 589 697354586
5 375
3 841
6 36
6 973
2 598 354624573
4 144 465022727
2 34 439791639
2 901 10445332
5 826
4 767 945771505
2 481 905394879
3 257
6 734
4 621 499355616
4 258 132441917
3 128
5 964
3 976
3 729
4 301 50766601
1 427
2 193 84094083
2 674 842005314
4 219 471405570
1 214
2 182 227614747
4 100 234528618
3 439
3 518
3 207
5 935
1 56
1 731
3 695
6 421
2 202 6556622
3 248
4 474 540654378
3 133
4 940 882608447
1 952
1 905
4 599 896790828
1 856
4 907 532943677
6 431
3 834
3 807
2 744 290529192
6 93
2 48 917355264
3 297
1 546
5 519
5 721
6 677
6 13
2 977 517783185
6 317
5 880
2 534 44107515
3 371
4 217 281212428
1 395
6 928
3 844
6 520
5 465
5 403
3 672
6 668
5 957
3 319
4 99 396876691
6 493
6 758
1 359
3 977
4 905 288832292
2 632 531811070
1 564
6 667
4 975 970891772
1 92
2 542 302547233
2 35 88577313
5 144
3 31
2 556 482081650
1 53
6 400
3 439
3 33
1 803
5 778
3 592
5 388
5 254
5 929
4 579 952556999
3 982
2 35 446891953
1 353
3 799
2 772 179215833
5 943
2 222 594838566
5 387
5 572
2 596 976696540
1 229
1 52
6 878
4 85 148860361
1 782
2 689 342320815
6 215
6 863
2 10 669465531
6 766
2 622 73803151
5 203
3 314
6 539
3 160
4 367 310651118
3 807
5 821
2 954 573187708
1 145
6 320
5 408
3 39
5 30
2 921 164399428
5 307
6 477
1 194
3 861
2 719 650882938
4 479 811566092
4 689 588598482
3 427
5 80
3 821
4 761 761618194
3 865
1 436
3 219
2 777 942834606
6 788
1 572
6 661
1 909
5 24
3 179
4 572 19391521
6 744
3 710
6 355
4 336 144360491
1 923
4 710 274010121
4 526 588826692
5 110
6 736
4 659 777176400
1 916
4 625 641296488
2 531 310449407
1 112
3 450
4 266 15787944
1 6
1 149
5 235
2 527 770272293
6 216
4 840 924723351
3 111
4 225 792472931
1 954
1 836
4 644 317780291
1 962
2 805 74224785
4 704 683094072
4 4 135057951
4 219 418484813
5 658
4 589 956599446
2 134 926449946
3 169
3 397
1 920
6 181
3 691
6 74
6 397
2 967 986992189
6 707
3 329
4 269 144535822
3 122
2 607 38531414
2 384 717321934
5 655
2 374 707982948
2 837 567232104
2 465 38243736
5 574
6 340
5 275
2 679 66873101
1 756
6 411
2 491 639193166
3 940
5 178
5 473
5 688
3 541
6 263
4 25 636698902
5 421
4 360 114889734
2 488 703901824
4 124 36190353
2 626 594658995
6 963
2 369 310736070
4 875 157003587
4 489 618237147
6 402
2 822 730171093
5 829
3 194
1 21
4 144 437669357
3 353
6 674
6 943
3 470
1 107
3 889
2 730 201637555
1 957
1 387
4 567 786317326
5 571
3 471
6 826
5 936
2 258 513273294
3 156
2 213 4291554
1 169
2 836 83069241
1 206
2 868 749447412
3 335
6 504
5 728
2 858 856641950
4 192 69065642
6 348
1 646
4 814 927412306
5 548
6 755
5 825
1 896
3 180
5 890
5 840
1 562
3 503
4 593 111275627
1 775
4 81 555868715
3 746
5 381
5 205
3 611
1 344
3 716
3 26
5 148
5 253
1 101
6 540
1 358
3 324
1 884
1 771
2 447 121090920
6 689
6 205
2 148 754449635
6 882
5 740
3 595
3 16
5 681
2 594 10203525
1 994
3 429
5 916
2 443 906935935
5 578
6 623
5 434
1 640
5 320
1 296
6 889
4 755 969924668
6 58
1 609
4 64 812491008
3 990
1 799
4 405 374775435
6 105
4 744 374589363
3 134
5 429
4 669 319935312
5 166
1 951
6 972
1 190
5 400
5 601
6 143
3 34
1 412
6 192
1 731
6 347
2 581 992299986
3 155
4 465 389775494
1 541
6 294
3 884
3 690
5 734
3 959
2 231 112961945
5 861
1 455
1 517
1 831
3 841
2 930 627028408
1 241
3 331
3 802
5 950
5 729
3 630
1 248
6 246
2 612 18885367
4 795 813854668
5 603
1 561
2 663 418771569
6 526
1 68
1 976
6 790
1 697
1 960
1 125
4 517 508550454
1 546
5 357
6 421
5 19
2 821 111598493
6 187
1 586
2 862 126677372
6 598
2 767 346929173
4 187 453407914
6 210
4 648 266700016
1 190
5 602
2 974 222909722
6 584
6 517
4 690 471276357
3 759
6 673
4 697 456443171
1 717
4 118 64112726
2 917 962726373
1 910
2 976 965845674
2 911 340869749
1 169
5 490
6 531
2 663 732180041
6 743
4 610 929716373
6 279
2 188 424904917
3 592
2 320 824095339
2 840 531544563
6 727
5 500
5 514
2 498 777626536
4 990 425210646
4 259 665689405
3 418
4 109 8705984
5 710
4 885 692644142
4 695 531881220
6 171
5 707
4 400 823431002
5 852
5 49
4 806 544408872
4 223 47879934
2 574 56585918
4 68 708977800
4 289 146716911
2 609 362094308
1 479
6 574
1 430
1 833
4 234 19915320
5 39
2 296 464720479
4 40 137735675
6 207
6 780
6 848
4 481 671131488
3 722
5 321
6 233
2 811 550504724
4 835 785862372
3 412
6 671
2 702 826465744
2 45 777034139
3 365
3 108
1 310
4 143 160049860
4 97 578016581
2 417 19858692
6 326
5 905
3 15
4 68 29984078
4 112 659534569
4 574 465322286
3 307
4 519 724390805
4 100 871973848
6 213
2 728 74100506
1 998
2 840 901336757
2 88 707405008
6 737
2 663 714762294
2 986 669002952
5 627
2 310 328116921
3 682
5 972
4 163 863706332
3 694
5 152
1 994
2 730 262973140
3 436
6 423
6 641
2 945 282548210
6 231
1 495
2 657 4363426
4 25 280507471
6 604
4 745 968030282
4 180 544751877
1 652
3 132
3 129
4 261 607435058
6 161
4 391 464886275
4 412 629042769
2 849 938666425
3 271
4 762 44893181
1 101
3 843
5 870
4 829 163413353
5 744
2 361 993176401
4 664 418657744
2 571 912404310
3 511
5 755
3 669
1 133
6 478
1 628
3 770
5 175
3 76
6 156
1 769
1 679
6 372
1 354
3 500
1 652
2 108 664621680
3 672
3 673
3 735
4 857 106419495
6 611
6 430
2 157 700468641
5 981
6 404
6 613
1 951
5 946
5 531
3 381
5 470
6 767
1 539
4 859 290781910
5 983
6 595
5 591
4 473 416890390
1 124
1 336
5 341
5 615
4 153 597445304
5 216
3 71
6 264
1 799
6 589
3 987
1 915
6 88
4 968 511148699
5 52
1 805
1 386
2 391 354585896
1 950
6 388
3 889
6 893
5 388
1 53
6 203
3 745
4 397 584903234
1 758
2 369 33023376
4 769 943074885
5 762
2 63 318371230
1 584
6 157
2 902 57490708
5 298
4 851 701171052
6 547
3 851
2 777 45848338
2 651 161284769
6 756
2 178 703262120
5 628
2 136 549768612
4 37 607259321
6 687
1 21
3 241
1 460
3 351
6 868
2 870 511459919
5 27
