0
1000 997 995
Q 15 422 440
Q 476 205 736
I 44 189 935 21149781 35457194
I 309 672 839 134659205 176403180
Q 998 165 225
D 1
I 398 435 992 55309970 177807539
Q 866 885 914
I 264 435 760 207170561 318490871
D 4
Q 567 550 580
Q 937 8 572
Q 638 59 698
I 329 358 509 213827468 130254456
D 3
Q 797 342 797
D 5
Q 66 326 860
I 226 1000 829 285793473 19794801
Q 661 12 634
Q 398 48 553
Q 54 891 922
I 204 788 175 221859970 164278132
I 356 699 653 17775752 298675111
I 54 818 572 314643245 254911409
I 446 908 69 201480357 262538257
I 70 450 355 258091488 270232776
I 338 803 407 322281424 182489762
I 784 825 290 191616885 212560447
Q 741 11 891
I 337 550 115 191710385 158582597
Q 764 22 183
I 596 704 333 178591836 219480549
Q 908 210 300
Q 494 586 736
I 47 751 893 254220594 126110580
I 46 285 718 235399883 8568209
I 304 453 433 152318912 223446760
D 18
D 11
Q 788 371 870
Q 99 461 475
Q 343 156 312
Q 802 102 443
I 465 609 104 273176403 320838438
Q 784 599 931
I 455 857 397 180108901 270220563
D 6
I 363 983 962 84562375 136984343
D 13
Q 639 45 612
Q 352 477 591
Q 915 50 914
Q 715 671 707
I 899 999 449 9872209 39839775
I 33 927 515 74194800 158559048
I 50 975 46 297483730 306054328
I 530 972 533 158009695 40303929
D 21
Q 493 358 712
I 749 776 51 47038366 175421917
Q 417 221 931
Q 638 123 734
I 371 806 410 207551673 281389314
Q 475 402 761
Q 885 178 820
I 35 976 9 241419382 47737519
D 7
Q 854 130 905
D 20
Q 567 382 729
Q 482 338 759
I 619 968 242 70870162 115943004
I 561 634 605 259411986 19309223
Q 297 691 810
I 418 505 85 86941988 174234361
Q 178 777 934
Q 594 889 943
Q 656 315 864
D 10
I 283 349 444 320335147 94660383
Q 140 443 683
I 168 757 347 317453241 316364344
Q 400 466 721
I 258 787 63 119789820 63055363
Q 567 252 802
Q 760 128 129
I 369 621 738 232485667 264482984
D 16
D 30
I 20 755 995 136363419 135047244
Q 270 333 644
D 14
D 26
I 222 636 916 37165158 3649335
Q 741 521 846
I 653 675 236 179411594 179206621
I 43 595 884 205887003 220568035
I 262 586 412 81727441 12198210
D 12
I 581 910 28 170590903 230637976
Q 923 749 986
Q 281 573 660
D 35
I 212 869 103 183978038 185993886
D 25
I 67 515 92 250971689 63409775
I 469 590 179 181543623 114808454
I 250 565 694 183353790 228772239
Q 67 563 861
D 40
I 577 940 816 159630333 53466982
I 608 974 359 322355551 135412959
I 559 570 131 138429238 6044973
Q 146 74 655
I 226 738 74 224870535 234771708
D 28
I 414 430 747 114659299 93619336
I 649 676 222 71015089 279834097
I 618 936 582 83642693 68074266
Q 736 540 561
D 19
I 436 976 462 233571886 204748043
Q 602 202 974
I 196 678 93 290033714 173823011
I 133 975 635 61407267 19424062
Q 141 454 813
Q 585 111 825
I 124 221 777 208437742 99327288
Q 474 774 896
D 31
D 47
Q 506 204 687
I 662 983 300 60658456 162078673
I 6 720 244 251879560 3032037
I 282 400 6 176000998 72584895
I 826 952 804 182166053 240293949
I 846 850 498 217010310 15679172
D 61
I 63 635 775 197682127 249654363
Q 157 403 868
Q 840 199 322
D 24
I 203 587 623 290219292 175651841
I 430 993 458 164175034 138380546
I 373 887 859 68218524 199374053
Q 114 361 983
Q 276 575 952
Q 571 529 545
Q 687 474 799
D 53
I 503 619 708 99602475 113416391
I 283 558 7 276267399 43297856
Q 25 117 745
Q 481 593 776
Q 111 591 676
I 93 456 262 254255323 220317031
D 65
Q 555 189 434
Q 408 13 528
D 15
Q 73 353 564
Q 812 92 784
I 223 576 318 61994961 295327383
Q 894 378 553
Q 295 305 786
Q 474 87 914
I 141 476 554 269105846 224740923
Q 428 673 940
Q 705 198 258
Q 472 76 860
I 139 405 368 177269563 283590883
Q 831 86 609
I 463 746 303 173421056 68081324
I 326 958 327 82010923 236970964
I 53 780 852 109483991 267840735
Q 718 473 893
D 69
D 66
I 182 558 220 204775470 178082901
D 49
Q 835 9 441
Q 722 257 880
Q 870 527 876
D 74
Q 959 283 454
I 179 695 701 321670171 203017926
I 177 901 332 245360941 165087475
Q 552 166 496
I 238 254 428 296052020 26690041
I 518 649 64 125319097 286746578
D 34
Q 820 96 780
Q 525 934 967
Q 798 249 824
D 62
Q 626 274 374
D 60
Q 7 180 715
I 452 875 436 102652322 201742667
Q 743 121 741
D 44
Q 619 304 664
Q 729 137 516
I 95 679 349 17128115 193096467
I 97 326 946 313556497 139503918
Q 640 376 385
I 389 970 48 14057327 1641502
Q 376 125 272
Q 649 275 839
D 73
Q 282 58 615
Q 17 370 840
D 79
I 135 568 832 155948930 212410598
D 51
Q 620 758 838
Q 701 223 905
I 144 928 532 106481569 177225766
Q 73 59 590
D 8
I 99 617 575 29269882 4086045
I 558 740 521 285777674 77493331
D 78
D 80
D 64
D 84
Q 431 491 805
I 339 553 683 47352702 151964626
Q 944 158 604
D 70
I 838 933 876 87888306 201331838
D 89
Q 626 279 776
D 67
D 56
I 497 815 235 53163075 158604373
I 80 783 470 18482539 225787090
I 470 539 188 220788385 22321039
I 563 815 423 45165216 138851349
Q 338 12 185
I 108 607 98 108464048 227037513
D 50
I 851 892 214 133801736 109004400
Q 945 109 168
Q 980 145 595
D 88
I 535 607 247 157525441 168149216
Q 337 29 897
D 58
I 287 776 563 81731126 152622402
Q 769 761 866
Q 896 467 911
Q 953 742 802
D 59
Q 82 287 311
I 256 671 254 45646593 249232429
D 96
Q 377 437 767
D 81
Q 439 333 870
I 15 482 429 206593588 268698349
I 676 976 920 128491820 48024213
Q 144 569 710
Q 804 643 805
I 338 690 135 74008571 307955618
Q 421 695 827
Q 716 199 680
Q 694 742 827
Q 969 285 867
Q 572 643 823
Q 728 457 744
Q 918 62 501
Q 593 18 407
I 307 713 638 128443962 213371776
I 370 763 544 310900101 309218790
Q 19 807 913
I 110 580 724 183874434 268972782
I 32 88 295 58069313 284328038
D 48
Q 459 98 916
I 541 764 849 50484975 120520911
I 165 941 586 146860174 49356020
D 52
Q 753 95 936
Q 551 375 541
I 372 973 217 242843819 121188135
D 99
I 338 375 661 180371028 223840964
I 872 1000 34 91761839 223556178
I 212 835 535 173761135 311035105
Q 395 304 964
Q 21 480 539
D 106
I 629 754 758 66576232 191427497
Q 27 266 962
D 37
Q 192 421 960
Q 496 700 797
Q 164 547 602
Q 805 186 269
D 87
I 328 679 880 266404796 170092086
I 794 972 614 181429961 231646290
D 33
D 45
I 334 745 838 103613336 227009118
I 180 256 517 256875898 303112967
Q 393 190 827
I 72 277 293 154142019 231660802
I 438 466 761 231854632 151354048
I 220 391 427 11836277 269701697
I 221 307 71 133090222 102445732
Q 304 652 940
Q 228 39 215
I 154 540 609 133885666 18596909
I 48 622 834 81161630 25592073
I 156 465 649 184868802 290930434
Q 347 65 616
D 72
Q 452 260 811
I 68 97 982 159651446 85080850
Q 608 15 757
I 168 631 790 139035250 266586597
Q 280 149 711
Q 331 62 797
D 42
Q 1000 434 546
Q 321 16 314
Q 878 742 994
Q 657 209 322
I 65 390 670 253787777 305741351
D 122
Q 592 315 962
I 552 836 43 290132705 258055350
Q 307 253 435
I 107 624 639 288989091 240274326
Q 515 668 843
I 170 545 972 172239657 107635403
D 63
Q 816 808 988
I 95 423 719 189801692 212943654
D 46
D 97
D 108
I 396 575 275 292598801 132663534
I 470 484 25 140888034 163769549
Q 371 128 963
D 113
Q 242 380 838
Q 198 709 775
Q 64 64 421
D 43
Q 625 31 511
I 714 861 890 247247065 100564510
Q 940 195 594
Q 52 363 719
Q 547 404 464
I 733 975 168 55234779 50020900
I 89 677 619 240192686 92778142
Q 8 440 940
D 129
Q 173 90 834
D 76
D 119
I 744 952 91 102382164 196821609
Q 650 324 815
I 490 886 745 151769961 118483923
I 422 521 490 135040015 92387729
Q 618 153 629
I 112 475 846 132088173 39154645
Q 494 314 364
I 93 886 27 10213569 22929180
I 507 910 243 109544638 118618921
D 139
D 68
I 204 308 285 90598230 160384067
Q 737 277 457
Q 735 79 307
I 564 900 720 64488501 30645181
I 218 756 663 170075585 279951515
D 85
Q 887 633 995
D 27
D 38
Q 278 325 373
I 57 582 837 249195674 33954802
Q 678 122 309
I 603 952 148 271766522 2546662
Q 753 10 916
I 185 705 968 49849033 211500132
I 177 879 621 275004940 299985913
D 145
Q 271 436 840
Q 105 166 858
I 495 866 164 119351039 225024355
Q 975 776 780
I 38 156 489 115820793 130515377
D 39
I 169 961 3 230716509 271783213
Q 657 129 988
Q 228 530 891
I 8 530 549 242340114 166862391
Q 203 207 275
Q 371 295 919
D 149
I 403 460 716 1032518 215499030
I 227 461 346 67859277 238890162
I 590 809 289 124075679 295482473
I 142 916 901 35001279 262885558
Q 84 396 708
Q 503 133 733
Q 454 460 845
D 133
D 147
Q 181 339 985
Q 283 163 637
Q 828 543 878
Q 144 74 285
Q 980 245 989
Q 740 401 751
D 95
Q 565 540 874
Q 366 129 304
I 6 973 900 320014997 98892173
Q 587 675 963
I 406 822 851 225136073 79469257
Q 421 321 978
D 141
D 94
I 283 308 943 201786493 101263566
Q 312 209 919
I 72 841 196 274381392 276038769
Q 417 41 436
I 635 967 957 297365664 104132210
I 236 365 796 297822704 8385077
Q 274 480 947
Q 700 32 807
Q 282 131 165
D 91
D 158
I 356 925 896 118791112 249549474
Q 240 815 823
D 144
Q 134 270 436
D 148
I 564 588 326 262366703 208623564
I 45 722 14 37363422 255343984
Q 441 170 802
Q 192 512 543
I 527 641 163 87362086 145905860
I 11 480 472 94364741 9322003
Q 536 504 735
I 496 792 755 318518963 36549673
I 174 474 930 187098226 117689105
Q 91 123 613
Q 740 69 86
Q 300 295 459
I 328 543 181 244108332 264092159
I 700 985 430 275534241 282780909
Q 579 221 879
I 351 511 634 194363834 189265385
Q 861 404 709
I 727 766 150 69812725 87357998
Q 90 287 634
Q 942 489 627
I 144 911 306 61100518 95990437
Q 510 426 958
Q 448 493 819
I 23 362 989 31449438 253075087
D 111
I 617 655 491 297623045 93129203
Q 88 458 973
D 100
D 172
Q 96 290 306
I 513 650 611 12469882 139444517
I 25 721 715 165641607 70642522
I 238 923 161 26545570 204937420
I 542 591 567 77098323 9507128
I 510 516 539 31540179 152726724
I 217 701 864 178455761 246203200
Q 675 352 728
Q 557 202 629
I 51 900 774 163463253 127334409
Q 133 478 937
D 162
D 161
Q 158 571 829
I 233 566 37 45541604 184520281
Q 389 262 809
I 762 785 40 96228556 175579332
Q 537 225 734
I 142 946 459 285734329 282038668
Q 167 79 127
Q 715 409 893
Q 307 256 569
I 14 242 425 23684524 134855527
Q 635 278 462
Q 289 566 589
I 163 528 298 165909731 83216322
D 165
Q 666 261 658
I 276 756 768 15750796 301745648
I 587 984 10 41151665 188137501
Q 257 315 498
Q 718 352 731
D 163
Q 110 23 893
I 479 969 973 141063275 269173791
D 167
Q 603 45 704
D 135
Q 564 316 702
I 89 852 814 288824142 261924776
D 71
D 153
D 103
I 160 309 316 26327473 224536006
Q 131 663 814
Q 486 117 786
Q 100 152 261
D 168
I 529 711 88 16369077 112756974
I 693 710 20 127575818 50234631
Q 368 160 334
I 43 738 840 11198638 91502285
I 69 592 201 53188535 138864921
Q 748 763 826
Q 670 108 351
Q 151 857 961
D 93
I 605 908 710 241117053 272996459
D 29
Q 371 413 573
Q 609 377 498
Q 719 8 507
I 17 80 182 164965837 96859013
Q 630 431 436
Q 269 582 681
Q 617 186 821
Q 991 188 540
I 731 974 823 171745598 227668849
I 228 715 396 205796658 161320441
Q 55 712 959
I 669 920 516 247662006 64052707
D 92
Q 594 490 525
Q 892 713 931
Q 640 562 834
I 34 965 959 204116268 279854022
Q 732 655 856
Q 685 126 177
Q 814 29 792
Q 486 370 891
D 117
D 151
Q 751 11 651
D 121
I 113 632 976 302328748 90055088
I 233 961 604 287628906 193333745
I 256 302 811 93226918 176631448
Q 677 512 972
I 202 430 856 269536519 41643389
D 182
Q 590 42 700
Q 610 5 299
D 105
D 170
I 475 651 655 152457556 203249075
D 195
Q 840 502 974
D 125
I 272 288 799 305074584 130629004
I 562 766 540 7929083 161950047
I 52 592 17 91182226 249721753
Q 774 170 223
Q 70 547 657
D 77
Q 748 603 732
D 209
Q 723 19 41
Q 401 668 959
Q 462 199 686
I 636 769 955 12666699 85425294
D 146
Q 154 457 852
Q 737 350 718
Q 77 246 875
D 90
Q 628 143 232
I 484 895 748 175601950 52978026
I 146 381 108 92839632 146618804
Q 782 810 993
I 71 109 155 125821629 64376917
Q 989 302 512
Q 122 486 834
Q 197 582 750
Q 10 552 615
Q 939 33 70
Q 388 649 831
I 354 618 173 101980036 5120603
D 9
I 308 533 705 256785446 283905204
Q 277 261 749
I 447 811 553 250667266 290127074
Q 131 32 347
Q 513 94 151
I 182 877 132 124980878 111706034
D 200
I 265 413 238 67859503 118275195
Q 241 174 715
Q 988 736 934
I 623 934 523 3239979 38196063
Q 399 316 739
I 285 985 440 278156512 66764422
I 266 860 21 262728322 88645082
Q 653 210 430
Q 216 260 405
D 112
Q 934 291 305
D 173
D 130
I 552 924 274 188023167 104650894
I 415 600 695 176826710 95727628
Q 48 80 380
Q 419 279 630
Q 798 349 555
Q 789 750 959
D 222
Q 626 249 730
I 166 286 772 244884214 96206728
I 50 759 251 83802835 90045916
I 702 895 200 164349027 268732604
Q 177 409 608
I 334 709 536 36576595 156701631
I 477 677 18 161243881 266615956
I 31 298 207 137043357 91121197
D 227
D 210
Q 354 460 834
I 612 839 30 46354417 272263664
I 118 385 660 69416 317306320
I 87 720 47 15201232 98718988
I 378 692 401 93815935 188190324
Q 319 680 765
Q 937 756 780
Q 560 426 582
I 272 767 311 306201087 304386351
I 82 285 133 43607572 172893305
D 216
Q 400 285 455
Q 98 160 846
D 127
I 531 608 551 144741257 255637174
I 548 998 693 17101820 152879122
D 184
D 196
D 181
Q 358 460 850
Q 295 209 391
D 109
D 134
I 558 998 952 71859429 163225991
D 75
I 217 297 5 54587330 150505718
I 274 902 675 186665349 51569530
I 290 709 703 272402504 120329430
Q 624 158 901
D 201
D 206
Q 933 41 376
Q 723 218 849
D 154
Q 345 478 742
Q 904 290 418
I 523 649 434 313281109 92605202
Q 65 386 728
D 152
Q 590 399 780
D 244
I 687 739 706 1666886 139903771
D 233
Q 598 131 264
Q 448 542 544
Q 750 763 830
I 715 738 26 156761299 256039456
I 236 565 360 176535238 180227844
I 368 509 66 258732347 146750960
I 271 378 857 212578823 51140162
Q 432 371 933
I 705 928 204 208167200 133875294
D 243
Q 107 372 891
I 298 401 779 119607503 198609329
Q 124 139 702
I 311 898 965 142520396 166989352
I 205 455 468 94658429 202723253
Q 691 98 448
I 45 828 556 34608235 136098208
Q 598 47 638
D 252
I 106 182 151 138388949 298604719
Q 501 121 401
I 822 951 673 168439345 92326780
I 176 869 174 210080236 74016641
Q 991 833 994
I 86 187 537 67005490 275212936
Q 570 661 825
Q 73 422 683
I 53 689 52 153337492 80276475
Q 827 337 526
I 5 471 726 71563603 178633301
I 70 341 110 187999455 190421199
I 199 867 577 86061423 162222009
Q 86 381 445
Q 713 153 248
D 197
Q 330 140 270
I 273 875 780 35468855 302378797
I 104 130 278 148122982 121765929
D 180
I 43 181 778 60890369 88105493
Q 11 327 585
I 157 741 842 190196027 319590661
Q 692 472 855
Q 788 160 854
I 21 250 887 252752177 246532856
D 242
I 101 563 463 45088714 109359310
I 264 856 113 7356861 224575027
Q 590 270 729
Q 894 279 501
Q 169 121 144
D 160
Q 584 384 737
I 301 900 269 94791735 295713548
Q 684 142 808
Q 772 873 982
Q 552 440 464
Q 790 680 763
D 82
Q 667 661 872
Q 141 180 622
Q 947 186 260
Q 652 590 936
I 227 479 569 315642396 269495810
I 228 623 357 243483841 182457834
D 217
Q 205 264 375
I 46 449 789 319013507 201976993
D 273
I 189 393 612 236824551 131824194
D 32
I 776 916 385 321249913 192005090
I 225 907 195 71566376 225239112
D 249
Q 404 517 629
Q 554 325 857
Q 259 230 810
Q 897 361 984
I 467 989 805 44917958 153740088
I 466 600 422 29007115 43793936
D 124
Q 265 201 420
Q 257 202 306
Q 294 105 517
I 190 625 770 2450334 99180102
Q 674 507 652
Q 930 351 889
Q 741 477 846
D 265
Q 219 67 323
I 371 456 680 64282576 254818571
I 510 834 725 287731435 55635107
I 8 910 932 138555298 300484069
I 105 567 996 254044885 8755890
D 110
D 237
Q 440 242 822
D 215
I 63 943 263 300063775 187875671
D 188
Q 155 495 730
Q 257 100 269
Q 413 771 818
I 233 452 603 37137872 67104830
I 295 311 511 216762480 302348450
D 198
I 83 499 65 202372599 27245048
I 773 977 872 254591000 195653387
D 55
D 202
Q 577 779 984
I 317 749 96 119877358 236191274
I 23 669 134 109246806 12550257
Q 588 75 923
Q 525 495 587
D 178
Q 43 726 905
Q 210 522 680
Q 819 341 450
Q 779 178 869
I 225 599 632 323132829 272384243
Q 855 436 575
Q 313 516 602
Q 983 621 950
I 64 293 578 109638371 313299028
D 136
I 163 710 493 272542840 128569189
D 220
D 36
D 176
D 191
Q 86 585 977
D 171
Q 38 524 722
D 123
Q 820 440 869
Q 615 5 28
Q 737 20 160
Q 718 173 555
D 138
D 179
D 199
I 396 424 588 71580636 17261260
Q 993 637 683
Q 109 219 474
D 240
I 225 607 121 97348114 311102461
Q 269 317 481
Q 912 529 655
Q 177 432 685
I 477 613 58 278504781 3806633
Q 429 85 332
Q 648 348 581
Q 634 414 996
Q 503 331 544
Q 610 417 475
Q 82 211 484
D 175
Q 758 157 835
Q 383 674 961
Q 303 735 746
I 885 999 405 977881 230259723
D 236
Q 835 266 862
Q 206 416 528
Q 298 592 723
Q 787 292 526
Q 975 49 83
I 678 800 938 185294311 265783478
Q 856 162 454
Q 510 121 297
Q 888 509 845
Q 906 673 874
Q 683 115 325
D 226
Q 177 311 313
Q 85 204 857
Q 758 69 966
Q 921 351 660
D 257
Q 643 675 796
I 183 896 388 206214978 223437671
Q 804 421 516
Q 53 139 840
I 434 602 348 191657034 116466695
I 658 958 595 147341039 30803339
I 183 938 183 63145700 271792716
Q 5 591 753
I 65 137 257 99681532 310263664
Q 823 568 589
Q 55 573 894
Q 739 355 862
Q 859 334 442
I 404 780 820 111868392 108253298
Q 27 281 797
I 378 927 522 101467029 129927336
Q 806 288 514
I 399 464 924 205346572 171039706
Q 329 453 866
D 228
Q 53 116 880
Q 912 602 633
I 69 566 447 209270752 42223761
I 116 272 981 205758639 210637934
I 749 836 722 112581335 138829169
I 711 731 552 39313541 6023137
I 714 861 801 29235799 322459636
I 57 529 534 274382578 9391765
Q 498 453 828
D 115
Q 980 183 864
I 188 764 122 174992854 105674117
I 127 359 548 189438535 62331044
I 35 726 138 161390438 92831956
Q 13 205 793
Q 36 498 912
I 217 934 918 197752442 175161493
Q 792 131 218
Q 559 274 957
Q 774 272 696
I 236 459 322 74123086 163615973
Q 727 13 151
Q 734 371 653
Q 741 114 485
D 292
Q 458 854 982
Q 499 967 981
I 175 247 117 91778964 67815153
I 214 759 583 256684074 201493578
I 146 277 931 181050102 132826224
I 277 537 323 70332028 307924100
Q 581 342 904
I 158 539 24 93564562 133918258
Q 34 276 910
Q 182 947 983
Q 449 744 853
I 368 588 991 85941854 221619076
Q 599 146 744
Q 635 738 964
Q 575 205 242
D 239
I 330 557 2 70978414 28507875
I 578 586 125 17578791 147370380
D 293
I 782 873 593 279595805 24829327
I 80 614 978 158796643 303146686
I 658 846 762 19629488 175206110
Q 230 290 724
I 97 630 502 265497214 184218132
D 213
I 537 570 315 68838444 125693184
D 57
Q 912 632 979
Q 634 259 366
D 295
D 22
Q 844 394 520
I 354 441 987 97048659 20775242
D 86
Q 842 117 431
D 166
Q 505 180 856
I 643 656 696 294594851 91415527
Q 649 217 522
D 270
I 339 910 286 119524973 266623668
I 485 556 477 214871503 289391816
Q 611 13 420
Q 827 545 675
I 721 811 159 230649281 277830715
Q 837 841 918
I 539 837 233 139225130 8216083
Q 589 293 480
I 454 766 218 116204270 133162375
I 822 904 862 73140905 226156653
Q 626 715 799
Q 526 271 468
D 98
Q 911 116 841
Q 878 359 393
Q 626 188 734
Q 482 188 424
Q 951 398 763
I 614 683 87 47450105 172855232
Q 963 378 760
D 208
I 182 315 742 45660230 233687562
I 368 587 328 312466381 254070557
D 238
D 177
Q 96 325 777
I 420 899 279 286372275 63675109
I 97 273 868 189056396 248423341
I 347 528 261 17243205 16582667
I 539 706 650 118907777 187267831
Q 294 650 919
Q 238 234 475
D 317
Q 530 361 454
D 190
D 325
Q 479 917 917
I 7 432 687 245270659 106898722
Q 613 596 642
Q 674 53 888
I 144 868 120 232383302 81705647
I 961 984 667 12255189 221440094
I 442 948 356 284325392 145864229
Q 236 706 748
D 298
D 276
I 590 613 912 135527540 264260065
