5
50 36
43 34
31 35
34 13
50 1
21 6
23 9
43 6
23 8
15 13
28 46
33 19
22 2
4 19
44 13
38 40
20 27
16 21
25 26
46 36
12 38
35 48
39 26
8 42
10 46
37 3
25 42
46 13
15 25
33 41
3 35
30 45
30 43
7 13
15 33
26 38
30 35
100 66
17 33
39 26
55 77
55 75
90 94
98 44
62 46
34 97
50 31
74 37
92 74
26 83
62 81
58 27
88 98
63 78
43 90
59 94
8 38
56 47
51 82
61 56
77 25
29 99
10 2
57 85
35 26
86 91
65 72
73 52
96 27
50 100
93 64
54 66
1 45
12 55
64 75
71 78
62 85
46 89
93 98
56 42
13 28
2 84
47 27
23 18
7 26
95 71
42 7
16 64
33 42
4 73
61 36
47 91
48 25
60 12
5 29
75 19
33 6
73 85
92 68
19 3
89 20
76 87
54 84
55 73
1000 667
572 892
401 303
367 143
657 187
900 639
683 279
332 467
611 492
613 999
456 880
738 353
784 52
872 758
850 12
163 867
930 91
583 236
200 508
958 320
169 514
985 74
229 937
479 466
951 378
911 906
8 587
508 266
893 365
716 477
956 668
905 162
715 187
816 467
353 605
940 625
251 93
747 966
80 247
392 953
22 188
544 14
635 730
853 491
564 882
582 117
689 193
53 257
743 431
527 987
421 987
456 306
247 140
532 538
967 673
63 888
583 435
918 866
951 358
628 661
181 724
654 221
672 705
223 632
253 464
101 779
195 140
146 284
14 608
892 110
871 584
957 40
930 382
395 534
470 926
241 406
505 482
13 381
786 958
16 688
701 661
97 715
851 42
466 285
223 576
865 810
953 539
585 704
303 253
174 802
239 818
709 984
879 628
729 861
694 535
15 392
616 590
875 652
453 172
257 575
82 756
765 294
190 114
707 248
23 224
1000 943
659 626
582 322
895 570
276 734
420 604
916 48
380 203
196 156
481 243
38 306
487 829
199 371
949 38
539 80
601 135
136 228
993 775
238 277
354 684
526 727
652 510
880 33
419 749
971 773
456 293
921 908
847 905
240 360
543 701
762 465
605 787
941 801
632 607
780 296
134 187
237 920
214 956
337 305
981 347
712 71
169 324
26 127
664 650
982 46
618 33
959 122
283 3
770 398
995 796
57 210
429 334
523 377
19 918
89 994
720 701
835 744
389 999
273 994
461 623
547 171
720 922
738 67
732 47
996 588
471 142
92 70
206 6
351 35
362 308
280 627
150 155
676 586
58 111
151 461
883 897
342 689
208 910
659 924
655 728
373 754
302 707
204 97
810 793
673 317
955 847
764 29
246 278
212 804
338 266
731 249
35 62
551 807
507 807
91 774
20 268
899 584
311 549
876 829
912 41
417 271
143 638
247 751
224 812
362 686
4 322
414 637
342 456
639 645
791 748
305 192
571 621
449 262
658 27
865 345
903 429
992 226
428 825
400 121
645 536
39 473
152 830
270 953
643 718
701 540
526 189
653 98
869 531
84 749
103 469
709 301
514 421
965 108
908 216
687 123
715 903
97 843
751 143
869 197
155 625
777 667
111 858
927 332
241 780
654 220
935 180
31 817
598 386
760 687
239 68
341 845
636 371
42 6
375 931
642 721
988 240
107 18
587 52
96 31
551 146
598 683
57 958
111 726
477 954
506 82
731 563
88 992
376 554
33 849
651 292
261 542
840 194
292 825
32 434
903 881
223 404
828 282
13 837
829 435
838 760
833 782
770 456
698 291
645 414
438 589
504 993
575 451
126 826
619 801
256 740
364 732
658 202
208 218
411 145
802 416
49 393
391 50
691 128
707 670
653 495
274 937
455 675
991 624
454 197
664 232
370 123
79 792
255 797
323 570
772 728
581 509
846 262
508 133
406 308
617 698
391 795
923 405
425 224
333 158
289 789
235 761
678 413
33 83
790 443
116 354
343 972
910 603
62 624
166 682
619 245
654 933
747 692
147 377
405 482
17 300
782 321
517 649
261 900
33 343
487 950
619 322
996 364
221 945
256 270
975 334
947 858
409 1
66 129
898 917
267 856
668 186
93 745
548 353
54 511
335 267
483 758
464 355
931 736
299 471
508 520
902 99
869 740
370 61
610 171
518 50
116 243
964 832
678 125
875 874
897 135
91 568
449 849
68 188
389 657
815 101
811 143
35 544
369 889
818 706
133 960
113 791
943 218
91 303
34 846
335 195
918 947
862 316
297 137
974 533
609 493
505 588
779 626
742 973
480 947
463 527
939 154
474 100
820 516
825 709
455 851
25 557
174 355
230 393
379 957
966 366
15 830
402 259
926 537
776 42
449 577
427 820
370 576
217 362
611 860
348 876
728 316
730 974
984 151
118 326
688 613
116 992
112 292
176 266
11 20
568 888
139 939
853 441
420 539
639 432
501 951
806 788
114 897
457 232
540 871
867 740
471 865
185 826
386 557
837 409
451 932
814 406
137 482
382 750
800 233
515 798
592 815
534 339
838 835
759 546
2 668
863 889
544 306
980 28
999 467
680 569
941 103
931 516
720 373
917 980
246 84
637 860
54 738
892 195
773 873
690 540
147 365
56 151
851 343
885 598
558 197
186 801
584 272
325 986
706 388
426 370
15 851
805 242
159 699
217 51
918 115
4 543
174 10
200 389
841 120
836 361
56 587
274 369
423 532
566 889
342 239
677 88
985 463
835 193
713 7
124 467
626 58
756 826
579 539
767 11
489 102
34 868
395 374
887 825
759 244
806 696
452 423
374 295
502 878
520 376
246 792
93 996
295 260
330 429
450 937
635 874
595 880
574 159
865 900
292 906
330 265
635 151
477 963
550 205
742 546
237 36
652 141
287 707
711 136
716 219
726 1
271 734
488 698
241 640
86 99
47 746
719 631
311 387
244 548
999 514
492 559
502 654
602 142
969 246
242 996
703 729
431 408
686 136
720 646
308 775
767 364
54 335
569 582
444 695
696 220
739 870
692 823
594 611
309 719
61 318
907 415
494 604
463 631
615 606
575 570
648 162
14 422
631 577
41 502
851 240
482 735
360 277
15 512
4 9
634 763
870 682
972 263
722 617
460 62
215 626
51 871
451 7
71 807
837 316
836 627
57 516
646 47
168 123
741 265
616 968
17 645
648 695
143 336
127 570
609 886
686 833
65 785
233 77
995 915
268 837
432 591
970 557
54 524
48 573
436 268
389 101
746 479
183 795
384 935
268 438
320 731
825 7
847 896
55 587
328 866
320 864
582 443
163 886
309 934
710 937
571 567
153 651
736 140
10 715
912 14
76 250
128 97
271 316
451 483
327 444
119 129
558 329
285 275
830 518
366 976
577 440
469 694
806 17
377 164
64 896
368 154
897 362
189 36
657 298
844 146
46 677
367 980
335 3
877 579
225 900
282 86
420 49
466 171
575 547
486 500
548 92
487 924
162 800
683 873
703 76
505 250
748 611
796 764
752 514
1000 867
243 477
356 404
853 295
301 507
718 443
695 715
830 469
142 899
245 828
314 467
958 829
576 265
574 494
634 568
569 492
722 141
230 541
947 729
766 191
104 353
161 15
755 905
48 259
856 428
388 513
15 550
718 229
373 75
477 375
3 541
315 603
926 665
656 735
277 42
230 56
263 581
723 373
314 940
330 962
365 596
514 247
911 262
629 575
189 345
306 234
144 838
244 291
229 979
106 530
379 145
5 154
816 590
516 276
429 484
459 43
165 992
103 814
458 300
156 418
304 293
31 45
48 213
253 268
207 306
642 750
100 533
867 694
37 341
213 93
507 746
323 533
873 98
516 695
769 326
242 542
439 822
308 338
508 857
20 958
636 470
138 171
304 919
128 243
581 560
389 166
579 988
954 584
848 808
399 697
162 590
615 876
560 692
943 208
538 403
475 242
660 16
602 737
168 173
645 65
425 625
36 233
608 300
809 837
986 933
882 556
488 884
867 306
277 535
842 32
404 41
834 239
704 895
360 137
554 177
465 192
623 159
562 21
159 313
166 338
335 310
620 568
648 454
951 434
718 304
332 664
769 813
351 678
71 27
694 330
344 379
444 353
793 530
640 714
682 988
875 465
312 645
214 182
987 326
906 84
849 678
189 946
577 566
156 709
865 876
923 508
505 657
631 11
38 339
333 913
136 460
512 585
428 337
855 149
522 451
132 382
720 881
894 733
437 205
880 910
471 650
600 688
302 189
824 206
414 993
361 728
313 145
139 219
355 714
159 453
900 525
293 194
722 290
646 482
676 480
51 960
512 310
35 268
133 734
697 778
858 796
716 905
30 171
246 878
61 408
934 78
881 853
246 887
703 127
469 359
758 625
261 891
212 239
846 914
672 236
394 424
601 4
591 972
165 826
816 57
147 100
484 321
154 42
774 837
543 634
251 462
475 759
79 592
75 189
480 754
254 703
617 287
131 482
769 391
48 951
873 527
916 565
706 541
454 596
965 757
843 355
224 214
260 754
336 878
573 89
417 594
480 840
392 375
688 77
666 4
223 377
674 765
504 99
623 210
333 91
35 645
354 328
661 304
512 747
256 181
923 570
538 484
309 214
342 584
521 909
194 682
440 944
178 333
759 662
363 88
735 40
441 943
988 131
937 419
615 241
951 325
124 920
226 215
388 33
891 691
876 274
162 937
85 469
945 318
210 391
871 504
501 241
598 747
930 603
156 70
641 532
462 615
32 27
873 83
760 465
544 167
587 389
985 42
709 71
303 280
768 181
857 800
325 401
194 823
474 72
71 844
55 780
884 161
496 812
895 112
886 735
475 396
638 956
679 356
256 158
413 635
249 432
723 883
673 213
277 797
510 994
561 730
40 306
929 854
475 441
421 959
888 218
590 202
659 66
708 143
150 234
10 152
997 328
860 46
777 854
584 852
589 450
490 218
916 93
734 587
17 340
578 343
309 402
401 602
964 20
193 211
944 75
486 518
333 286
573 530
971 405
961 788
152 239
826 907
363 213
785 641
218 509
446 744
237 304
266 619
328 147
957 64
285 906
89 629
392 881
469 640
385 681
899 134
270 217
994 61
990 514
836 521
742 906
489 987
280 986
843 253
120 152
888 943
805 654
387 942
302 89
435 319
34 498
555 368
326 329
208 976
572 509
894 858
278 453
36 598
655 738
595 264
738 178
554 415
209 655
349 823
7 246
74 128
974 801
659 36
875 5
158 437
501 357
808 981
673 613
614 699
809 823
378 373
232 858
708 801
367 110
430 610
12 609
495 369
918 845
73 914
498 367
548 179
169 442
297 208
431 234
319 594
494 426
641 827
57 974
733 995
217 65
367 646
68 905
756 308
593 54
256 952
101 831
280 538
33 380
160 669
129 453
127 977
486 537
494 930
757 824
549 423
895 194
14 300
247 214
568 880
743 804
597 992
227 19
60 106
212 684
616 867
414 52
7 746
914 566
51 346
69 423
941 676
423 25
205 995
885 200
163 310
168 680
890 801
908 429
863 308
258 297
494 66
510 529
493 900
769 264
648 500
424 899
747 362
467 540
11 322
439 224
941 12
997 345
629 11
816 772
641 559
595 691
140 739
913 268
75 127
747 872
163 231
862 773
385 250
914 765
872 340
524 685
407 252
140 831
424 567
72 912
43 59
176 698
17 645
743 643
145 515
32 733
262 731
839 252
182 698
492 739
21 494
220 263
456 69
519 642
291 91
755 529
604 480
335 215
893 208
1 920
797 361
473 478
920 552
500 504
539 365
978 406
233 570
863 574
416 903
294 266
676 601
721 632
108 959
531 185
520 452
86 418
609 872
613 734
617 991
244 113
902 136
658 94
900 487
470 435
176 603
807 520
981 9
403 724
99 55
337 168
643 810
791 785
284 224
724 938
769 575
623 456
545 932
142 748
470 789
128 797
447 240
684 875
885 321
719 757
633 368
786 404
789 56
178 910
903 186
599 260
801 344
13 540
283 250
117 191
24 892
205 780
364 718
940 300
93 787
23 180
103 442
807 382
974 784
177 471
784 621
748 155
136 122
910 13
253 145
704 239
488 317
741 512
394 117
79 25
19 806
890 911
44 510
527 357
30 314
587 502
513 624
261 455
851 283
245 329
230 317
760 271
257 618
342 406
22 380
601 32
864 155
99 593
438 452
712 939
857 678
921 760
188 171
899 639
149 859
63 168
672 98
520 457
194 472
600 972
91 742
316 321
689 618
437 424
808 924
865 311
329 809
879 935
4 38
939 472
462 439
578 621
37 443
733 297
27 198
72 298
231 889
659 841
819 941
583 60
11 563
821 182
611 138
354 101
692 740
959 630
695 879
528 371
137 753
16 612
267 415
797 77
585 76
496 297
671 25
80 623
181 807
761 91
16 773
192 61
273 356
81 512
899 497
922 403
953 118
270 664
626 615
570 914
866 451
140 945
117 238
987 687
677 379
900 257
393 932
215 953
139 906
450 572
211 246
476 884
1 340
235 191
718 3
743 590
748 638
604 999
961 501
868 876
985 28
217 227
989 350
932 196
986 787
651 224
244 758
740 323
706 719
13 50
109 422
385 558
924 319
749 424
832 829
983 482
353 794
817 472
709 8
159 705
8 404
909 165
385 941
95 179
920 561
320 798
734 971
555 460
455 167
93 537
33 477
416 295
859 118
97 918
527 852
904 345
341 607
785 600
377 964
11 867
47 41
908 557
973 539
195 545
509 685
133 551
651 722
98 485
936 773
620 7
918 739
850 812
464 139
539 473
820 754
826 129
225 263
830 447
794 280
95 667
75 799
679 783
416 123
102 269
78 235
625 59
24 236
833 114
790 58
259 832
99 374
528 464
87 576
433 559
346 63
125 111
196 397
440 299
240 773
333 503
656 606
883 327
53 698
144 709
292 927
844 917
870 703
6 11
847 924
650 325
222 577
983 122
119 217
203 67
801 947
157 132
386 621
727 293
174 796
103 440
272 660
526 683
699 588
383 129
30 196
635 192
485 998
64 579
58 700
627 279
982 721
568 409
162 642
16 180
30 446
534 239
753 676
966 590
199 248
1 411
493 65
483 372
312 204
782 128
992 505
275 916
991 975
244 463
588 862
325 289
876 556
803 970
388 874
288 657
124 407
253 717
126 136
164 616
287 65
637 945
300 190
414 796
354 926
548 694
730 175
421 764
11 107
130 889
715 896
847 546
285 825
547 92
781 797
110 751
153 368
84 279
798 767
87 168
925 95
141 553
90 866
948 289
941 960
468 101
466 899
770 338
943 172
586 110
169 619
85 282
868 31
189 628
552 185
151 734
710 478
772 324
243 792
899 790
835 624
970 146
42 696
989 402
878 763
872 39
43 803
461 631
588 695
374 449
454 82
848 125
396 479
968 294
725 310
675 659
326 745
668 966
427 82
717 866
385 255
1000 967
363 27
128 286
833 514
642 716
932 975
31 702
716 622
204 427
454 234
488 496
371 402
756 333
609 520
930 22
217 233
59 508
151 423
839 961
462 90
841 503
521 378
545 482
883 319
144 985
416 394
287 313
960 546
988 599
883 744
330 865
43 3
32 554
39 447
398 656
753 469
643 516
442 728
799 758
940 633
679 943
551 844
444 214
812 697
316 284
293 524
72 95
227 108
533 763
78 296
971 172
242 669
505 197
380 49
599 732
344 284
298 995
958 754
243 1
753 682
184 127
239 905
986 820
204 464
102 114
886 770
492 630
730 575
779 475
222 812
91 16
933 177
65 461
878 889
798 930
501 61
161 73
769 314
752 671
300 894
715 511
335 535
642 702
883 4
809 848
904 762
627 354
930 880
772 262
799 27
558 746
106 347
973 937
651 60
555 608
173 662
877 698
655 54
547 533
404 291
124 427
955 745
840 810
951 329
860 124
967 639
682 208
127 819
822 911
198 865
530 56
374 801
658 20
888 943
337 26
581 164
787 92
437 707
17 601
628 965
328 425
584 238
370 644
397 877
219 259
105 224
845 549
168 198
420 484
289 315
291 349
31 607
926 788
456 335
462 637
2 91
376 540
673 934
222 662
10 42
804 526
500 745
572 593
74 252
171 946
386 160
681 335
584 525
477 362
388 909
79 49
671 131
453 118
619 369
766 263
336 264
858 551
199 76
432 51
27 846
173 215
427 576
28 303
882 676
161 198
239 102
797 602
430 477
877 85
204 638
963 998
974 529
515 606
179 426
751 516
342 361
740 345
453 187
219 53
37 582
929 552
99 161
279 601
532 378
554 99
870 638
60 371
413 756
649 300
127 786
139 883
568 743
263 370
919 567
990 953
23 747
973 25
767 174
197 711
314 537
875 879
656 55
241 374
123 354
452 39
547 44
364 296
595 919
263 594
529 718
605 460
642 97
237 735
275 909
359 27
713 66
665 706
362 763
395 456
282 161
722 401
552 161
816 587
222 985
730 415
780 983
217 316
749 618
114 540
440 343
374 646
376 117
811 514
437 441
952 832
601 451
653 137
28 975
801 732
425 998
362 787
454 698
57 371
944 677
235 960
525 994
393 310
408 995
880 729
536 170
658 414
121 399
772 480
873 480
86 772
612 700
470 253
345 824
29 41
187 290
952 753
274 553
896 493
895 618
115 222
491 244
225 379
872 286
375 820
822 107
159 610
16 741
622 885
549 447
725 28
599 666
145 313
895 937
188 498
783 405
273 706
102 361
707 261
320 774
935 759
204 689
357 86
804 96
11 44
272 593
218 86
859 508
399 263
252 291
651 622
415 601
780 99
290 872
402 46
184 569
586 841
473 481
815 737
888 702
84 992
372 734
291 534
447 152
273 787
26 96
871 351
63 383
227 619
950 786
197 829
433 494
746 504
551 562
853 769
829 614
121 395
896 460
64 692
372 606
495 614
416 679
919 655
1000 608
566 193
194 725
612 67
753 910
399 734
837 551
879 24
897 440
490 469
684 405
817 697
185 198
681 887
575 729
100 277
257 123
541 221
102 835
903 734
970 200
335 658
948 741
702 293
390 436
376 260
880 376
175 891
254 937
408 6
37 196
916 737
218 897
393 464
147 539
423 600
115 971
380 764
986 902
88 393
771 250
602 18
357 941
305 60
827 846
531 611
428 802
665 692
571 776
65 681
784 438
123 816
357 690
37 972
281 425
439 691
913 891
592 230
954 93
15 668
448 686
474 103
259 514
234 573
517 706
309 640
725 250
339 263
238 18
194 995
120 542
275 67
918 246
498 864
703 494
409 297
286 7
277 984
226 508
144 740
70 102
814 909
794 481
640 291
624 397
652 712
24 141
10 625
708 763
632 944
109 698
288 989
396 211
773 913
706 681
26 313
168 237
778 705
24 346
249 22
330 146
401 83
208 775
518 141
467 315
451 911
682 641
75 303
354 513
57 303
505 240
887 509
259 789
987 275
77 454
486 95
341 905
947 532
719 259
710 432
889 420
898 772
704 993
194 599
761 697
929 899
153 841
258 23
373 792
721 827
212 459
719 479
591 850
482 180
880 865
442 425
384 24
974 839
231 732
709 382
256 428
613 78
570 468
272 975
712 645
10 753
714 107
924 948
714 118
468 2
856 98
11 976
783 527
653 305
557 529
869 899
663 824
430 855
170 298
211 5
715 173
944 254
728 493
238 592
93 660
795 846
201 36
152 829
166 167
721 209
484 336
392 262
726 336
211 303
371 905
810 50
910 494
626 569
967 202
532 138
177 100
982 553
234 497
673 457
645 522
377 79
275 314
937 663
629 769
356 332
996 332
437 828
234 970
24 330
142 712
126 643
932 190
53 313
539 472
878 331
21 991
322 189
101 70
605 244
977 176
381 416
164 141
750 280
338 257
750 849
125 73
224 339
169 24
644 338
656 115
21 718
294 661
961 235
702 212
829 898
315 314
751 678
216 637
698 56
857 951
997 596
175 462
868 978
249 813
310 518
629 2
925 23
843 158
529 732
690 72
157 450
305 162
80 786
870 755
36 907
741 554
222 530
305 251
701 545
632 348
679 631
909 803
284 629
73 838
540 842
390 980
443 809
763 74
556 598
595 400
99 517
45 409
442 395
589 758
410 444
502 785
182 601
89 59
201 603
418 238
645 352
692 608
984 687
118 259
377 355
690 60
697 610
276 438
47 425
683 174
482 218
106 890
152 144
116 577
663 783
49 481
157 232
438 148
750 927
989 128
783 68
202 64
407 915
335 826
552 628
689 904
443 483
296 919
881 201
203 18
874 905
386 239
250 12
10 33
15 726
117 189
557 654
583 709
538 178
842 448
954 417
683 431
867 631
298 650
858 148
910 297
365 941
143 468
383 690
562 284
208 406
801 671
450 531
544 680
109 603
369 116
739 920
673 566
869 964
41 588
548 338
318 455
225 459
657 511
693 122
50 440
624 401
686 409
488 542
157 438
461 553
724 914
774 972
931 259
686 489
588 636
718 400
683 748
222 446
936 168
620 844
253 430
439 876
674 493
64 871
562 353
736 475
393 206
280 536
492 651
733 126
279 76
822 541
312 828
9 733
802 586
166 182
947 568
404 836
158 166
768 992
791 607
148 519
467 411
948 510
465 218
685 682
461 149
268 378
14 765
80 515
937 466
139 617
450 378
422 915
120 435
285 333
375 612
272 675
888 321
554 922
711 308
886 852
524 481
564 833
417 891
141 1
830 783
467 889
680 38
209 510
672 128
891 725
307 481
759 114
94 575
760 752
640 993
210 682
771 38
30 695
948 48
676 12
160 319
326 423
437 833
245 342
994 972
972 387
696 959
419 982
559 453
18 544
573 921
61 505
571 551
740 23
69 313
717 244
723 185
934 118
3 425
522 457
761 471
617 538
815 361
583 485
153 545
29 680
145 864
213 359
920 418
119 130
882 659
23 850
90 978
795 957
104 14
413 242
320 710
207 609
552 733
2 324
711 89
744 579
327 916
669 725
585 477
271 643
857 271
292 659
42 900
157 52
166 410
563 735
699 160
94 40
577 862
424 115
350 536
792 392
979 628
523 592
510 915
853 317
128 565
763 953
243 770
403 72
830 326
550 625
60 499
785 6
277 509
877 81
946 564
776 496
208 616
111 655
62 283
136 29
634 570
152 574
926 310
895 578
745 578
512 717
816 366
265 255
782 223
395 304
317 113
702 938
458 603
104 857
996 70
130 595
941 13
930 300
201 940
454 474
876 526
857 912
504 478
547 98
593 560
851 269
689 369
14 767
355 917
572 163
793 296
503 82
1000 901
778 991
8 995
768 661
140 199
884 340
263 981
31 528
208 426
884 957
570 155
287 58
110 627
893 80
834 603
866 966
501 724
132 375
309 390
236 647
389 137
476 732
217 267
696 983
257 223
997 597
30 506
139 558
789 421
789 391
860 455
928 831
106 526
694 279
849 709
497 156
561 25
997 118
651 693
720 561
191 981
402 999
854 950
128 757
483 446
135 106
195 356
278 481
310 805
143 958
223 360
299 609
962 398
377 266
689 507
986 863
62 275
266 302
753 667
30 120
477 220
800 542
205 208
990 181
851 769
886 306
968 75
928 37
19 744
51 945
622 923
236 9
469 738
79 580
137 821
334 313
146 246
88 906
294 47
110 35
96 823
913 134
113 71
615 234
385 127
648 249
546 796
311 505
653 358
528 66
976 779
702 777
116 154
299 413
956 729
949 493
892 470
781 882
966 364
368 714
434 436
500 325
731 254
463 579
200 635
205 808
699 670
154 590
301 549
726 112
621 563
446 604
265 758
790 894
34 154
750 742
861 766
292 556
291 248
658 247
623 901
186 23
621 87
