20 200
19 8
7 16
5 7
12 18
12 6
7 17
5 14
14 9
11 14
17 5
14 12
2 5
17 6
6 14
1 15
10 11
14 16
7 19
15 18
8 18
16 6
14 20
19 7
20 9
13 9
5 6
20 18
3 16
3 20
9 3
14 19
6 8
6 4
18 12
13 5
9 8
10 2
19 20
1 11
8 13
19 12
12 9
5 3
11 6
2 16
4 13
5 1
5 18
17 13
17 18
7 16
17 7
6 4
11 16
7 20
5 7
4 1
9 6
6 5
10 1
7 5
14 3
5 10
20 13
2 9
10 8
4 6
6 1
9 8
16 15
8 20
13 3
12 1
8 18
6 10
10 4
14 15
6 11
4 18
3 18
6 13
17 9
18 3
1 19
10 16
5 9
7 18
11 18
18 11
7 15
20 9
18 13
3 4
15 19
13 18
16 18
10 12
18 19
6 18
9 16
13 14
16 11
11 19
7 9
7 8
15 4
12 9
19 7
7 11
16 2
8 17
6 17
15 11
14 4
14 9
8 11
12 20
10 20
18 16
19 4
12 10
12 10
8 11
1 3
4 20
19 9
17 6
20 2
9 17
20 17
2 19
19 13
18 8
4 15
16 14
10 19
4 2
8 3
4 20
6 7
12 4
16 20
9 7
1 9
15 20
17 9
19 15
13 8
15 17
15 2
10 4
20 5
17 19
8 20
11 13
7 2
8 14
1 9
12 1
9 6
13 18
14 3
12 7
10 18
15 16
19 16
20 10
1 8
9 20
8 11
4 6
12 3
19 4
11 10
4 12
7 8
9 13
10 12
11 12
2 5
7 20
12 18
2 4
6 2
3 5
12 18
10 15
1 20
18 3
1 13
14 7
1 14
11 10
6 1
1 7
5 20
18 9
17 11
12 14
12 15
