300 50
1 2
1 3
3 4
1 5
4 6
6 7
3 8
6 9
8 10
7 11
9 12
8 13
5 14
6 15
9 16
11 17
17 18
16 19
16 20
18 21
13 22
16 23
18 24
19 25
19 26
24 27
25 28
27 29
21 30
21 31
24 32
30 33
29 34
25 35
35 36
30 37
37 38
30 39
33 40
36 41
35 42
35 43
38 44
37 45
41 46
44 47
38 48
42 49
48 50
45 51
46 52
44 53
48 54
49 55
54 56
48 57
49 58
58 59
50 60
57 61
58 62
60 63
57 64
58 65
60 66
64 67
66 68
62 69
69 70
64 71
63 72
65 73
67 74
66 75
71 76
76 77
70 78
77 79
77 80
77 81
72 82
80 83
82 84
83 85
79 86
80 87
86 88
87 89
87 90
83 91
91 92
89 93
86 94
92 95
86 96
94 97
96 98
92 99
97 100
91 101
98 102
100 103
103 104
103 105
99 106
101 107
106 108
107 109
100 110
110 111
102 112
105 113
105 114
112 115
112 116
107 117
113 118
109 119
119 120
114 121
121 122
114 123
116 124
118 125
120 126
118 127
121 128
123 129
127 130
121 131
127 132
125 133
128 134
133 135
135 136
128 137
135 138
132 139
130 140
134 141
138 142
133 143
142 144
139 145
141 146
146 147
141 148
147 149
147 150
145 151
151 152
151 153
151 154
146 155
152 156
153 157
154 158
156 159
151 160
158 161
153 162
160 163
158 164
163 165
164 166
165 167
162 168
168 169
160 170
166 171
163 172
170 173
170 174
170 175
167 176
167 177
170 178
170 179
172 180
178 181
177 182
173 183
182 184
177 185
180 186
181 187
178 188
183 189
186 190
186 191
183 192
187 193
190 194
189 195
193 196
194 197
188 198
192 199
195 200
195 201
193 202
196 203
197 204
200 205
202 206
206 207
199 208
199 209
203 210
210 211
203 212
206 213
206 214
205 215
215 216
215 217
209 218
214 219
218 220
219 221
216 222
219 223
221 224
219 225
225 226
226 227
218 228
221 229
225 230
226 231
230 232
230 233
230 234
232 235
232 236
227 237
229 238
235 239
234 240
238 241
238 242
237 243
242 244
237 245
240 246
245 247
242 248
241 249
246 250
241 251
248 252
250 253
251 254
248 255
251 256
256 257
252 258
254 259
257 260
258 261
256 262
257 263
254 264
263 265
263 266
260 267
258 268
267 269
268 270
269 271
262 272
264 273
269 274
274 275
272 276
272 277
269 278
278 279
276 280
279 281
276 282
274 283
277 284
280 285
284 286
285 287
284 288
282 289
286 290
288 291
289 292
283 293
289 294
285 295
293 296
295 297
293 298
289 299
293 300
