500
1 2
1 3
2 4
2 5
5 6
3 7
5 8
2 9
5 10
7 11
9 12
10 13
2 14
8 15
5 16
6 17
14 18
1 19
2 20
13 21
9 22
4 23
3 24
22 25
8 26
25 27
2 28
6 29
10 30
13 31
28 32
26 33
32 34
17 35
21 36
22 37
35 38
1 39
21 40
34 41
3 42
19 43
5 44
7 45
30 46
29 47
25 48
30 49
35 50
39 51
4 52
9 53
32 54
29 55
39 56
28 57
20 58
54 59
41 60
17 61
45 62
24 63
5 64
36 65
55 66
3 67
53 68
17 69
9 70
21 71
46 72
22 73
69 74
59 75
25 76
19 77
72 78
53 79
45 80
47 81
40 82
24 83
25 84
32 85
3 86
31 87
67 88
17 89
77 90
48 91
62 92
9 93
35 94
10 95
12 96
76 97
61 98
15 99
43 100
40 101
69 102
44 103
81 104
103 105
55 106
91 107
20 108
95 109
45 110
5 111
69 112
12 113
65 114
10 115
100 116
1 117
111 118
104 119
7 120
102 121
84 122
85 123
1 124
43 125
6 126
23 127
35 128
1 129
119 130
90 131
108 132
122 133
21 134
76 135
37 136
4 137
21 138
115 139
96 140
3 141
105 142
11 143
34 144
110 145
75 146
77 147
71 148
66 149
77 150
91 151
88 152
150 153
48 154
84 155
79 156
73 157
109 158
51 159
64 160
102 161
136 162
24 163
49 164
16 165
144 166
119 167
109 168
159 169
115 170
125 171
142 172
155 173
28 174
45 175
66 176
101 177
96 178
84 179
47 180
148 181
31 182
153 183
64 184
150 185
150 186
76 187
187 188
145 189
173 190
151 191
149 192
102 193
156 194
6 195
40 196
106 197
53 198
160 199
27 200
23 201
54 202
201 203
19 204
159 205
202 206
23 207
78 208
201 209
118 210
149 211
96 212
137 213
103 214
58 215
180 216
31 217
64 218
112 219
130 220
94 221
132 222
171 223
72 224
45 225
61 226
28 227
87 228
78 229
84 230
19 231
128 232
123 233
15 234
164 235
176 236
31 237
26 238
190 239
32 240
37 241
204 242
212 243
150 244
173 245
184 246
67 247
244 248
171 249
71 250
187 251
80 252
172 253
63 254
11 255
145 256
155 257
203 258
87 259
79 260
189 261
189 262
5 263
176 264
194 265
185 266
24 267
172 268
218 269
228 270
67 271
198 272
147 273
157 274
231 275
149 276
97 277
237 278
129 279
164 280
91 281
147 282
194 283
240 284
15 285
184 286
16 287
74 288
280 289
53 290
273 291
33 292
275 293
42 294
258 295
165 296
117 297
128 298
267 299
149 300
253 301
181 302
95 303
39 304
187 305
279 306
20 307
109 308
232 309
303 310
111 311
3 312
303 313
40 314
263 315
77 316
191 317
271 318
108 319
66 320
74 321
221 322
113 323
156 324
288 325
272 326
114 327
73 328
196 329
211 330
173 331
81 332
283 333
143 334
178 335
125 336
29 337
237 338
262 339
35 340
201 341
82 342
119 343
308 344
155 345
80 346
256 347
79 348
95 349
166 350
289 351
350 352
150 353
343 354
204 355
129 356
338 357
160 358
133 359
9 360
123 361
206 362
62 363
220 364
153 365
121 366
23 367
295 368
312 369
300 370
155 371
71 372
174 373
14 374
98 375
206 376
309 377
225 378
48 379
372 380
329 381
104 382
91 383
309 384
307 385
346 386
223 387
240 388
256 389
247 390
266 391
309 392
334 393
336 394
88 395
124 396
276 397
381 398
237 399
126 400
299 401
226 402
82 403
253 404
41 405
370 406
360 407
34 408
304 409
288 410
293 411
287 412
53 413
344 414
204 415
181 416
238 417
280 418
219 419
338 420
6 421
317 422
419 423
413 424
249 425
361 426
221 427
333 428
383 429
61 430
196 431
342 432
422 433
257 434
270 435
407 436
173 437
147 438
364 439
40 440
356 441
72 442
74 443
407 444
25 445
302 446
411 447
249 448
104 449
59 450
300 451
20 452
58 453
358 454
370 455
364 456
114 457
67 458
71 459
23 460
366 461
431 462
34 463
301 464
176 465
347 466
321 467
121 468
463 469
213 470
352 471
277 472
239 473
248 474
4 475
382 476
111 477
39 478
71 479
328 480
296 481
315 482
63 483
214 484
414 485
320 486
271 487
13 488
221 489
475 490
261 491
414 492
85 493
213 494
67 495
172 496
9 497
398 498
320 499
477 500
10
372 376 5
18 150 18
276 313 33
153 454 88
428 372 28
353 121 34
188 233 89
170 391 89
435 487 60
324 72 84
