5
37 44 14 31
1 0 -2 3 4 -2 -2 3 4 -2 4 3 2 0 0 1 3 3 1 4 1 3 2 -2 -2 1 -2 2 0 1 2 -2 2 -2 2 1 -2 2 2 2 0 4 4 1
-2 -1 2 3 2 2 2 -1 2 1 2 4 1 3 -2 2 2 0 1 0 1 1 4 4 -2 2 0 -2 2 3 1 -1 1 -2 0 1 -1 -2 -1 3 0 -1 2 1
-1 -2 4 4 3 -1 2 2 -1 -1 0 0 -2 -1 1 1 -2 1 4 3 -1 1 0 0 1 3 4 3 0 1 -1 1 2 4 1 2 1 2 0 -1 4 4 -1 1
1 1 2 3 1 2 2 -1 0 2 4 0 1 0 1 2 0 4 0 0 2 -2 1 0 2 0 -1 2 0 2 0 3 2 0 2 4 -2 1 -1 4 -1 -1 3 -1
2 -2 -2 4 3 3 4 1 3 -1 -2 0 -2 1 2 -1 1 4 0 4 3 4 0 -1 3 4 1 -2 2 1 0 4 -2 3 3 3 -1 -2 0 0 -2 4 -1 0
0 -1 0 3 1 -2 -1 3 -1 2 0 -2 -2 2 -2 3 4 2 0 3 0 -1 3 1 -2 0 -2 0 4 -1 0 -2 2 -1 0 2 2 4 4 4 -1 -1 -1 -1
0 2 4 1 -2 -1 2 -1 0 4 -2 1 -2 3 2 1 -1 1 0 -1 0 -1 0 4 1 -2 -1 3 -2 -1 -1 3 -2 3 3 2 3 -1 -1 4 3 -1 -2 2
-1 1 3 0 -1 0 0 2 4 2 0 -1 2 1 -1 4 2 -1 -2 1 4 2 4 -1 3 3 -1 2 4 4 2 -1 -2 0 1 -1 1 4 -1 4 3 4 1 3
0 2 -1 4 0 2 -1 4 1 2 4 2 0 2 4 -1 4 1 1 4 1 2 1 -2 3 -1 -1 0 2 3 -2 2 -1 1 -1 -2 1 2 3 4 0 0 -1 1
2 -1 0 3 2 1 0 4 1 1 -2 1 0 2 0 1 0 3 -1 -2 3 0 3 1 1 4 -2 -2 -1 1 3 -1 1 3 1 0 -2 -1 4 -1 -1 2 -2 -2
-1 -1 4 1 0 2 0 1 2 4 2 4 3 -2 2 1 2 0 1 0 3 -1 -1 2 0 4 4 1 4 2 0 4 4 1 -2 3 3 4 4 3 -1 4 3 3
3 3 -2 4 1 -2 -2 3 0 -1 -1 4 0 2 2 4 -1 1 1 4 4 -2 -1 1 1 0 4 -1 -1 3 1 0 2 1 2 -2 -1 3 -1 -1 4 -1 1 2
4 -2 -1 0 -1 -2 1 -2 -1 0 -1 0 3 0 1 1 4 -2 0 1 1 -1 2 3 0 1 1 4 -1 1 3 1 1 0 3 -2 0 1 0 4 3 3 2 1
3 2 -1 -1 -1 -1 1 -1 -2 3 -1 3 4 4 1 3 3 3 -1 -2 1 1 4 0 -2 -1 3 4 3 3 -1 -1 2 1 2 -1 1 2 0 3 4 3 3 1
-1 3 3 2 -2 3 4 -2 -1 -1 4 2 -1 -1 -1 -1 1 -2 1 3 -2 -2 2 0 1 3 1 0 -1 1 -1 3 2 0 0 3 4 -1 4 -2 2 -2 3 4
-1 2 4 3 3 4 -1 2 4 2 3 3 0 2 2 1 0 0 2 1 0 -2 4 1 1 -2 4 1 3 -1 -2 -2 4 -1 4 -2 -1 1 3 0 -1 3 1 4
2 3 4 -1 -2 -1 1 0 2 -1 4 3 1 1 4 -1 2 -1 3 4 2 2 1 0 1 -1 -2 -1 -1 1 0 -2 1 0 0 -1 0 -2 0 3 -1 4 -1 -2
1 2 -1 -1 -1 0 3 -2 1 0 -2 1 0 -1 -1 3 -1 -1 -1 -1 0 4 3 4 1 1 4 1 1 1 1 2 -2 0 -1 -1 3 1 -1 0 -1 1 4 2
3 0 2 3 -2 4 -1 0 2 -1 4 4 2 -1 1 0 -1 4 0 4 -2 -1 3 3 1 -2 1 4 0 -1 1 3 0 -2 1 -2 1 0 3 -1 -1 0 3 2
4 -2 2 0 2 -1 -1 1 -2 1 2 2 -2 4 4 1 3 -1 4 4 3 -1 4 1 2 3 1 2 -1 -2 4 0 -2 1 0 2 3 2 -2 3 3 -1 3 -1
1 -1 3 -1 1 0 3 2 2 0 2 1 -2 3 0 4 -1 -2 -1 1 2 2 2 2 3 -1 4 3 -1 1 -1 0 2 -2 -1 4 4 -1 3 3 4 1 4 4
-2 1 3 4 2 -1 -1 -2 1 -1 -1 4 1 3 -1 -1 -2 -2 2 4 2 3 3 1 -1 1 2 1 -1 2 -1 0 2 1 1 1 0 1 0 2 -1 0 -1 -2
-2 -1 -2 0 3 1 0 3 0 -2 0 0 -1 -1 0 1 1 3 -1 0 4 -1 -1 1 0 -1 2 3 -2 0 0 -2 -2 1 -1 3 -2 -1 -2 2 -1 3 -2 0
-2 -2 4 2 0 2 4 3 4 1 3 -2 -1 3 -1 -1 -2 0 4 -2 0 4 -1 1 1 -1 2 4 -2 2 4 1 3 2 0 -1 3 0 -1 0 4 0 -1 3
3 -1 0 0 3 -1 2 -2 3 0 0 4 4 2 3 -1 3 1 2 -1 0 -1 -1 -2 4 3 1 3 -1 0 1 2 4 1 3 -1 -1 4 1 -1 3 2 1 -1
4 0 2 0 4 3 -1 1 0 -1 4 -2 -1 4 3 -1 4 3 2 0 2 -2 -1 4 1 1 -2 4 3 3 -1 1 3 1 1 1 -1 1 -1 3 -1 0 3 3
-1 -2 2 3 -2 1 -2 2 2 -1 4 -2 0 -1 -2 1 1 -1 -2 0 0 0 -2 3 3 4 0 2 3 -1 -1 2 -1 -2 -1 3 1 2 2 1 3 2 4 2
-2 -2 -2 -1 3 2 -1 -1 -2 -1 0 3 -1 2 1 -1 2 4 3 0 -1 3 4 -1 3 -1 -2 -2 0 -1 -1 2 2 -1 2 -1 -2 -1 2 3 3 -1 4 4
4 0 1 1 4 1 4 2 0 3 1 0 -1 3 -1 4 2 1 -1 0 -1 2 3 -2 4 0 -1 -2 -2 4 2 -1 0 4 3 1 3 -2 4 3 0 -2 -2 2
4 0 -2 0 1 4 2 0 -1 3 1 4 4 4 -1 4 -1 1 -1 2 4 3 -2 -1 3 4 3 4 0 3 2 2 3 -2 1 -1 0 4 -2 -2 -1 4 1 0
-2 -2 0 -1 1 -1 2 2 0 1 -2 1 4 2 2 2 2 3 3 4 -1 0 2 3 1 0 -2 0 3 -1 0 -1 -2 -1 1 0 3 -1 -2 -2 1 2 2 2
-2 0 -1 4 -1 1 0 1 3 -2 -1 4 1 4 4 1 1 -2 -1 -1 1 4 -1 -1 0 2 4 -1 2 3 -1 4 4 1 0 2 -1 4 -2 -1 4 0 2 3
3 4 1 3 3 -1 0 -1 -1 1 4 1 1 3 0 0 -1 3 2 -2 -2 3 -2 3 1 2 4 1 3 -2 3 -1 1 4 1 0 3 0 -2 2 -2 4 1 2
-1 1 2 1 0 3 2 0 1 -2 4 1 4 3 0 2 0 2 0 2 1 3 -1 -1 3 1 2 1 4 3 1 -1 -1 3 1 1 2 -2 4 2 4 -1 0 -2
3 2 -1 0 3 0 -2 1 2 3 0 3 3 4 3 2 1 -1 3 0 -1 -2 1 -2 0 -1 4 -1 2 0 3 -1 1 3 -2 -1 -2 2 2 3 3 4 4 -2
0 4 1 3 -1 -2 1 -1 4 -1 0 4 0 1 -2 3 3 2 3 -1 1 0 3 -1 0 1 -2 -1 1 2 -1 -1 0 1 -1 2 -1 -1 3 2 2 0 1 2
1 -2 2 4 2 2 0 -2 0 -2 2 2 1 0 0 4 3 4 4 4 0 -2 1 0 4 2 -2 4 -2 3 3 3 2 4 1 0 2 1 2 0 3 -2 0 2
9 35 19 41 30 20 4 12 7 32 18 29 23 13 
39 21 13 31 40 35 28 24 12 1 15 41 6 4 37 2 19 38 29 26 5 27 44 23 10 3 20 8 36 22 11 
49 60 24 57
-2 4 2 0 3 -2 1 4 2 3 4 3 0 -2 4 0 2 1 3 0 4 0 2 4 2 2 4 1 2 1 0 3 -2 1 3 -2 2 4 0 -2 1 4 1 3 4 -2 3 3 2 4 1 4 2 0 2 1 0 4 3 4
4 2 -2 1 4 -1 2 -2 -2 1 0 4 4 -2 3 -1 4 -1 4 0 2 -2 4 3 -1 -2 3 -1 0 4 -1 1 -2 4 3 0 0 0 -1 0 -1 -1 -1 1 3 -1 4 2 4 4 2 4 4 1 -2 0 0 -2 0 -1
4 1 2 1 -1 4 3 0 1 1 4 -2 3 0 1 2 2 1 3 0 -1 1 3 -2 4 2 -1 -1 2 3 4 -2 1 0 3 4 1 3 3 -1 -2 3 -1 1 -2 4 -1 -1 -1 -1 2 3 3 2 3 -1 0 3 -1 4
1 2 2 -2 1 0 3 2 4 2 -1 2 3 3 1 3 3 4 -1 3 -2 1 4 4 -1 -2 1 4 -1 0 1 -1 -2 -1 2 1 3 -2 -1 -1 -2 0 2 -1 4 4 0 2 -2 -2 1 1 2 -1 1 4 1 4 0 2
-1 4 1 0 3 4 3 -2 4 4 3 -1 3 3 -2 -1 0 4 -1 4 2 0 -1 3 -1 3 -1 -1 1 4 1 -2 2 4 -1 2 4 1 -2 0 3 -2 2 -1 -1 -1 3 0 4 -1 3 4 3 4 -2 -1 2 3 3 3
-1 1 1 -2 1 4 0 4 0 -2 4 -1 -1 4 -1 -1 0 0 2 4 4 -1 1 4 -1 0 -1 -1 2 0 -1 0 0 1 -1 1 0 0 3 4 4 4 1 4 0 4 4 0 3 3 2 2 1 -1 1 -1 -1 4 1 4
2 1 -2 -1 2 2 2 2 3 -1 -2 -2 2 2 -1 -2 4 1 -1 -1 2 1 -2 -1 -1 -1 1 3 2 -2 -2 4 -1 1 -1 -1 0 -1 2 3 1 1 1 0 1 1 -1 3 -1 3 -2 2 -2 3 1 3 -1 1 2 1
-1 -2 1 1 0 0 1 1 3 -1 0 3 2 -1 4 1 0 -2 4 -1 -2 0 1 4 -1 2 0 -2 2 0 3 4 4 1 2 2 1 2 -1 4 1 4 4 0 1 -1 1 1 -1 2 -2 4 0 0 1 1 0 4 -1 3
-2 4 2 3 1 -2 -1 1 0 -1 4 -2 1 0 4 4 -1 -1 0 2 2 -1 -1 3 0 3 -2 1 -1 -1 -1 2 2 4 3 0 -2 -1 -1 1 -1 -2 1 3 -1 -1 -1 3 4 -1 0 0 -1 2 2 0 3 -1 -2 -1
0 0 1 -1 -2 -1 -2 2 1 -1 2 2 -2 3 0 2 -1 -1 2 -2 1 -1 0 -1 3 -1 3 1 -1 -1 0 0 2 1 3 0 4 2 1 -1 0 2 2 -1 1 -2 4 -1 3 2 4 -1 -1 4 -2 -1 2 -2 0 4
1 -2 4 4 1 0 2 4 -1 0 0 2 0 4 -1 2 0 0 1 1 3 3 0 0 1 -2 1 -2 4 0 3 1 2 4 2 -1 -1 2 -1 -1 -1 4 2 3 -2 0 4 -1 -1 2 2 1 1 3 -2 -2 -1 4 -1 2
-1 1 -1 1 3 0 0 1 -1 2 2 4 0 1 4 2 4 0 1 4 2 0 4 3 0 0 2 4 -1 3 4 -1 3 1 0 2 -1 4 1 3 4 -1 -2 3 -1 -1 4 -1 0 0 1 3 0 3 0 -1 4 -2 2 0
-1 2 -1 1 4 3 -2 -1 1 0 4 -1 1 2 0 -1 0 -2 -2 0 1 0 4 3 2 -1 -2 1 -2 2 -1 1 -2 0 -1 -1 2 0 4 -1 3 -1 -1 -1 2 1 3 3 -1 4 2 4 -1 -2 3 3 -2 2 1 3
0 -2 0 1 1 -1 -1 -2 4 2 -1 1 -1 4 4 4 3 4 -1 3 4 -1 2 4 3 1 -1 3 0 -2 2 1 2 4 -2 3 2 -1 0 0 4 3 3 0 1 4 3 2 -1 0 3 2 2 -1 -1 -1 2 -2 2 -1
-1 -2 -1 0 3 1 3 -2 3 2 -2 1 3 3 0 -1 -1 4 4 -1 3 -2 0 0 2 -2 0 0 -1 2 2 3 1 0 4 3 0 0 3 4 1 4 -2 4 3 2 0 4 -1 4 4 4 -2 -1 -1 3 1 -1 0 -2
-1 1 3 1 -1 0 4 -1 -1 3 1 1 0 4 2 -2 -1 -1 1 -1 1 1 3 -1 4 -2 2 2 1 3 -1 2 -2 3 4 -1 0 3 0 2 -1 3 1 -2 -1 1 -1 4 3 3 1 3 0 -2 4 0 2 3 -1 -1
0 4 -1 4 2 0 1 0 2 2 4 0 1 0 -1 4 -1 -2 -1 3 4 -1 4 -1 1 3 1 2 0 1 1 4 4 0 4 1 3 1 2 4 1 4 1 2 -2 -1 4 -2 2 3 -2 -2 2 1 4 4 3 3 1 -1
4 -2 2 -1 2 4 0 1 1 4 -1 3 2 -2 0 -2 4 3 4 2 4 2 0 -1 -1 1 1 -1 1 -2 2 1 -1 -2 0 1 -2 4 -1 1 4 4 4 0 4 3 2 -1 2 4 0 2 3 -1 -2 4 -1 1 -1 0
1 -1 -1 1 2 1 4 3 -1 2 -1 2 3 4 4 4 1 -2 -1 -1 -2 -1 0 2 0 0 1 -1 2 1 0 0 -1 4 0 -2 4 -2 4 4 1 4 -2 3 1 -1 0 -2 -2 0 2 1 4 3 -2 0 -1 0 -2 4
-1 3 3 4 -2 -1 4 1 -1 -1 1 0 3 0 2 3 -1 -1 -1 -1 4 3 -1 4 -1 -1 2 3 3 -2 2 4 4 -1 4 -2 3 -1 3 0 2 4 3 -2 -1 4 2 2 2 0 2 -2 0 -2 3 -2 4 -2 1 -1
-1 -2 1 -1 2 0 0 2 -1 0 1 4 0 -1 -2 -2 -1 -1 -1 4 -1 -1 -1 0 4 3 3 3 0 0 -1 -1 -1 -1 -1 2 4 0 2 1 4 1 2 -2 1 1 -1 -1 -1 -1 1 1 -1 4 -2 -1 2 1 3 2
4 4 -2 -2 2 -1 2 -1 2 -1 -2 1 -2 -1 -1 -2 0 3 0 -1 -2 0 -1 0 -2 0 4 -1 2 -1 3 -1 -2 4 0 2 2 3 1 -2 3 -1 0 2 -1 1 -1 1 -1 2 2 2 0 3 2 1 2 0 -1 2
-1 3 0 0 1 -1 1 -1 -2 1 -2 4 -1 0 0 3 0 -1 1 -2 0 -1 1 2 2 4 2 0 -1 1 -2 -2 3 3 2 -1 0 3 2 -1 2 0 -1 4 -2 -1 0 4 1 0 0 1 -2 -1 0 -1 -2 3 0 1
4 2 0 -1 -1 2 3 0 2 3 2 4 3 -1 -2 0 0 0 1 4 0 -1 4 3 4 4 1 -1 3 2 2 3 0 0 0 1 2 3 3 2 1 4 3 3 2 1 -2 0 0 1 4 -1 4 1 1 1 1 0 0 0
3 3 2 0 1 3 1 -2 -2 4 -1 0 4 -1 -2 4 -1 1 3 1 1 3 0 3 2 1 0 -1 1 0 -1 -1 1 0 -1 -1 1 3 4 3 3 0 2 0 4 4 -1 -1 4 2 -2 2 0 2 -1 0 -1 0 -2 3
2 1 -1 3 0 -2 -1 -1 -1 2 1 -2 2 0 -2 2 2 3 3 3 -1 4 0 3 0 0 -1 3 -2 -1 -1 1 -1 -2 0 4 3 1 -1 4 4 -1 2 4 1 0 3 4 2 2 3 2 2 -1 0 -1 4 1 2 0
1 0 1 2 2 -1 -2 3 3 2 -1 2 0 0 3 0 0 -1 -1 4 2 4 2 1 0 -2 0 -2 4 -1 1 3 3 0 4 -1 1 3 4 4 4 -1 2 4 2 -1 1 3 3 -2 1 -1 3 1 3 4 -1 0 3 3
3 -1 -2 -1 3 2 -1 -1 3 4 3 0 4 3 3 -1 -2 1 -1 0 0 -1 -1 -1 0 -2 1 -2 0 -2 -1 -2 4 0 3 3 3 0 1 0 4 -1 3 0 0 -1 -1 0 -2 2 1 3 0 -1 -1 -1 1 -1 -2 1
0 0 2 0 0 -2 3 0 3 -1 0 0 0 4 3 4 2 0 0 3 3 1 -2 -2 1 -1 1 -2 2 2 0 0 -2 -1 -1 -1 3 2 4 2 3 -1 -1 4 1 2 4 -1 2 2 4 4 1 -2 2 2 3 1 -1 1
0 3 -1 1 0 3 -1 2 3 0 -1 -1 -1 -1 1 1 1 0 4 1 0 -2 2 0 4 3 -1 1 1 1 0 2 -2 2 -1 0 -1 1 -2 1 2 -1 2 2 -1 2 0 -1 3 1 2 3 3 0 0 0 0 -1 -1 3
3 -2 4 -1 -1 0 4 -1 0 3 3 0 4 0 -1 2 1 1 -1 3 4 -1 2 -2 2 -2 3 2 -1 3 -2 3 3 0 -2 -2 1 1 -1 0 -2 2 4 3 3 0 -1 0 3 0 3 2 1 -1 -1 -1 0 3 -1 3
3 2 4 4 -2 3 3 2 0 -2 -1 -1 1 -2 0 0 -1 3 3 -2 0 0 1 -1 0 0 2 3 -1 3 -1 4 -2 0 4 -1 4 3 2 -1 2 -2 1 -1 1 4 -1 -1 -1 -2 -1 1 0 2 -1 2 -2 0 2 2
2 3 -1 -1 -1 0 3 1 -1 -2 3 1 0 -2 -1 2 -1 3 3 1 0 -2 -2 3 0 -2 -1 3 3 1 1 0 0 1 -2 -1 0 2 -2 -1 0 4 -1 1 1 3 -2 4 2 0 4 4 0 3 -2 3 2 3 3 1
2 3 -2 3 3 0 1 -1 1 3 0 2 -1 0 4 0 -2 -1 2 2 1 4 -1 0 2 -1 2 1 -1 -1 3 0 -1 -1 3 -1 2 -1 2 4 4 4 2 -1 3 -1 2 -2 -1 1 3 4 2 0 -2 3 3 0 1 3
2 2 2 -1 -2 0 -1 3 1 3 2 0 -2 -1 4 -1 2 1 2 -1 -2 4 -1 4 -1 4 0 2 -1 -1 -2 2 0 -1 -1 -2 3 3 -2 2 0 2 1 1 0 0 4 3 3 2 3 0 2 -2 4 1 -1 -1 0 0
1 0 -1 1 1 2 2 2 4 1 -2 3 -1 -1 2 0 -1 -1 3 -1 -1 -1 1 1 -1 1 0 0 -2 0 3 -1 -1 3 2 3 3 4 2 -2 0 1 1 0 1 -2 -1 2 -2 2 4 1 -2 2 3 -2 0 0 -2 0
1 1 -1 -1 -1 1 -2 3 3 1 1 -1 1 -2 2 0 1 -1 1 -1 3 -1 -1 1 -1 -2 0 3 -2 4 0 3 -2 -1 1 4 0 3 -1 1 -1 3 -2 2 2 3 -1 1 1 2 2 1 4 1 0 -2 3 1 -2 1
-1 4 2 3 4 -2 2 0 3 2 4 -1 -1 -2 0 3 -2 4 1 0 3 0 -1 4 2 -1 1 -2 1 -2 2 2 0 -2 -2 0 -1 2 -1 -1 -2 4 0 4 1 -1 -1 0 -2 -1 -1 0 -1 2 2 2 2 -1 -2 2
0 0 0 2 -1 0 2 1 -2 3 -2 0 -2 1 -2 0 -1 -2 0 3 2 2 2 4 4 -1 -2 3 -1 2 2 -1 0 -2 2 0 1 0 -2 -1 0 1 3 2 -2 -2 4 1 3 -2 3 -1 -2 0 2 4 0 2 1 3
-2 -2 -2 4 3 -2 2 3 -2 -2 -1 -1 3 3 -2 4 -1 4 3 2 -1 1 1 1 1 0 3 -2 1 4 -1 -1 -1 2 2 -1 2 4 -1 0 -2 2 -2 -1 0 -1 2 1 -2 0 4 4 3 4 1 3 2 1 0 1
2 4 -1 4 -1 -2 4 4 4 -1 2 -1 -1 -1 -1 3 -1 -1 0 1 4 3 2 -2 2 4 -1 3 1 2 1 4 -1 3 3 1 -1 1 4 -1 0 0 1 -1 4 4 0 2 3 -1 -1 4 -1 2 2 -1 2 3 2 -2
2 -2 3 3 -2 -1 4 1 3 3 0 1 1 4 -1 -1 3 1 -2 2 -1 1 4 4 -1 -1 1 -1 2 2 -1 -1 -1 1 -1 0 1 3 2 -1 2 -2 4 1 -1 3 -1 -1 1 1 4 2 0 -1 2 -1 0 -1 -2 3
3 4 4 1 -1 1 0 2 -1 -2 2 2 0 2 1 4 -1 2 -1 3 -2 -1 3 1 1 -1 4 -1 3 -2 -2 -1 -1 1 2 -1 0 4 -1 1 4 -1 2 3 4 2 -1 2 3 3 2 1 3 1 -1 2 -1 -1 4 4
3 3 -1 2 1 4 0 2 4 1 0 -1 2 -2 0 3 0 -2 -1 -2 3 1 3 3 0 4 -1 0 4 1 2 -1 4 2 -1 4 1 -1 2 3 -2 -2 2 1 4 -2 0 -1 0 3 0 3 1 0 0 1 3 -2 -1 2
-1 -1 1 -1 -2 3 2 0 -1 0 -1 3 -1 2 4 2 2 -1 -1 3 4 1 1 2 4 -1 0 3 0 0 -2 -1 -2 -2 -2 -1 -2 4 -2 3 3 2 4 -2 2 4 4 -2 -1 -1 2 2 0 0 3 0 0 1 -1 1
1 1 -1 1 2 -1 3 0 4 -2 -1 3 4 1 -2 -2 -1 -1 3 -2 -2 -1 1 0 1 3 4 4 -1 0 -1 -1 1 -2 2 2 1 0 1 -2 4 -2 0 0 4 3 0 -2 4 4 4 4 1 0 4 -1 4 -1 -1 4
1 2 -1 4 0 3 4 0 4 1 2 -1 4 4 0 -1 4 2 4 4 3 3 3 4 0 1 4 3 4 -2 3 1 4 1 2 4 -2 2 3 2 0 3 3 1 3 3 0 -1 -2 -1 3 2 2 3 -1 -2 2 2 -1 -1
-2 4 4 -1 -1 0 4 3 0 3 4 4 4 1 -1 -1 -2 -1 3 -1 2 4 1 -2 -1 0 0 4 1 3 2 1 -2 -1 -1 2 2 4 -2 1 -1 2 -2 0 -2 -1 0 4 -1 -1 4 -1 -2 3 0 -2 4 -1 1 4
4 2 1 2 -2 1 0 2 2 4 4 2 2 4 2 -2 4 -2 3 0 1 3 2 0 -2 1 4 0 0 4 1 4 -2 0 0 -2 0 1 2 4 -2 -2 1 0 3 4 3 0 1 0 1 2 0 3 -2 -2 1 -2 0 4
11 42 33 24 8 22 34 25 58 57 27 37 19 46 31 56 49 13 21 1 12 44 36 38 
8 14 50 33 17 35 2 29 43 44 36 40 45 20 46 59 16 3 42 23 53 41 26 22 27 25 51 55 28 57 13 48 39 30 9 34 47 60 7 19 4 18 15 52 10 54 1 32 49 21 38 31 5 6 58 11 56 
46 43 6 38
1 4 1 4 4 0 0 3 2 0 0 2 3 -2 1 2 -2 3 -2 -2 4 0 2 1 -2 0 -2 0 1 2 0 4 0 4 2 2 -2 1 2 0 -2 1 1
3 4 -1 4 0 4 0 -2 -1 -1 3 -1 -1 -2 3 4 -1 -2 -2 3 -2 3 -1 -2 3 0 4 4 1 3 -2 4 4 4 2 3 -1 3 0 -2 0 3 0
-1 4 3 -1 4 -2 3 0 1 -1 1 2 4 3 3 1 0 -1 -1 1 4 1 4 2 -2 -1 1 -2 4 -2 1 -1 0 -2 -1 -1 2 0 0 2 -2 0 3
0 2 -2 2 4 1 3 -1 4 0 2 0 -2 -1 -1 -2 -1 -1 -1 4 -1 4 1 0 2 -2 -2 0 2 -1 -1 -2 3 -1 -1 4 0 3 -1 1 3 0 -1
-1 0 -2 0 2 2 1 4 0 1 1 -1 3 0 -1 4 0 1 -2 0 3 4 2 -2 -1 0 -1 -1 -1 -1 2 2 1 1 1 2 0 0 2 3 -2 0 0
3 0 3 -2 -1 -1 -1 1 0 -2 -1 -1 3 -1 -1 4 3 -1 -2 0 -2 -1 2 -1 1 3 -2 1 4 1 4 1 -2 -2 1 0 3 -1 -2 2 2 -1 -1
3 -2 1 2 4 4 -2 0 0 -1 -1 3 2 0 1 4 -1 4 2 3 4 -2 2 1 2 4 -1 -1 -1 0 0 3 1 4 0 0 -2 4 2 0 1 0 4
0 1 4 -1 -2 0 3 3 4 -1 2 -1 -1 2 -2 -1 -1 0 -1 0 0 3 2 4 -1 -1 3 -1 4 -1 0 2 3 -2 2 3 1 -1 4 -1 0 2 2
0 -1 4 -2 1 4 0 -1 2 4 -1 -2 1 3 3 3 0 4 1 -2 1 1 2 -1 4 1 1 -1 -1 -1 -1 1 0 -1 0 2 0 2 0 2 2 4 0
-2 4 -2 0 0 -2 -2 1 -2 4 3 0 3 -1 1 1 -1 3 4 2 2 1 2 2 2 4 -1 0 0 4 2 -1 3 3 4 2 0 0 0 1 2 4 0
3 -1 1 1 1 -2 1 2 0 -1 4 -1 2 4 -1 -2 1 3 2 3 1 1 2 4 1 -1 1 4 -1 4 -2 2 3 1 3 0 -1 1 2 3 3 -1 -2
-2 3 2 4 -1 0 -1 1 0 3 1 3 3 2 1 1 3 4 3 3 1 4 1 1 0 -1 -1 4 3 0 -2 0 1 -1 1 0 -2 2 3 0 4 -1 -1
-1 0 4 -1 -1 1 -1 2 -1 2 0 3 -2 -2 0 4 -2 2 2 -2 3 2 4 -1 3 -1 -2 0 1 -1 -1 2 0 -1 -2 4 3 -2 -2 -2 -1 4 0
-1 -1 -1 4 -1 -1 1 0 1 0 4 3 -1 -2 1 0 0 3 1 2 0 -1 -2 -1 0 4 0 2 -1 2 1 1 -1 3 0 -1 -2 2 0 -1 3 2 3
-1 -1 -1 1 1 3 -1 3 0 -2 0 1 0 -2 -1 -1 -1 0 3 0 4 -1 1 3 1 -1 -2 -1 2 2 1 0 -1 3 -2 4 -2 3 2 -1 1 -1 4
0 -2 4 4 0 3 -1 1 -2 -2 0 -1 4 0 -2 -1 4 4 -2 4 1 -1 -1 0 0 2 2 2 -1 -2 2 4 1 3 -2 3 -1 -1 -1 3 1 1 -1
3 -1 1 4 -1 -1 4 3 0 1 2 1 2 -1 -2 3 3 3 3 4 -1 1 4 2 1 0 1 -2 3 -1 3 4 -1 1 2 -2 3 1 0 0 -2 0 -1
-2 -1 -2 3 1 2 -2 -1 4 0 1 4 1 4 -2 -2 1 -1 4 -1 3 2 1 3 -1 3 2 -1 0 3 3 4 3 1 -1 2 3 -1 -1 4 3 -1 3
4 0 -1 3 -2 1 2 4 4 4 4 1 2 2 0 4 3 1 1 3 3 3 3 0 -1 2 1 1 -1 -2 3 3 -2 1 0 -1 0 -2 -1 2 4 1 0
-2 4 3 -1 3 -1 0 2 -2 1 1 4 0 1 -2 -1 -2 1 -1 2 1 2 -1 -1 1 -1 3 -1 3 0 4 -1 4 4 1 1 -1 4 3 2 1 4 -1
0 -1 4 1 2 0 -1 -2 1 2 3 -2 1 3 -1 2 -1 3 0 3 -1 -1 -1 -1 1 4 1 -1 -1 0 -2 2 3 0 -1 0 0 4 0 0 -2 -2 4
1 1 -1 -2 -2 0 1 -2 -2 1 1 4 -1 2 0 -2 -2 2 1 2 -2 0 -2 3 0 3 1 -2 -1 0 1 0 3 4 4 1 1 -2 2 1 3 3 2
1 -2 3 4 2 0 4 -1 0 4 2 0 -1 2 2 3 -1 4 4 -1 3 -1 0 4 0 1 4 0 1 2 2 2 1 4 4 -1 -2 -2 3 4 2 -1 1
3 -1 3 2 3 4 0 -2 0 -1 2 3 3 -2 2 1 0 -1 2 3 4 2 0 1 2 -1 0 4 4 1 2 -1 1 1 4 2 4 1 0 1 0 2 3
-1 3 4 -1 0 4 3 -1 -1 -1 -1 -2 -1 4 -1 3 3 -1 -2 -1 3 1 3 -2 3 3 -1 0 -1 2 4 4 -2 -1 3 1 4 3 -1 0 0 -1 4
-2 0 0 4 -2 1 1 2 -1 0 4 2 -1 2 -1 -2 4 1 0 2 4 2 -2 -2 -2 0 0 3 1 4 1 3 0 -1 3 1 3 3 1 4 -1 4 -2
-2 3 -2 4 2 2 1 4 1 -1 0 3 4 2 3 2 4 -1 -2 2 0 4 0 0 -2 1 -1 1 3 0 -1 -2 0 3 1 -1 0 4 2 3 -2 4 -1
3 -2 -1 3 1 -2 4 -1 1 4 -1 3 4 4 4 4 2 0 2 1 0 0 4 4 2 2 4 2 0 4 4 4 1 3 4 3 1 -1 -1 3 -2 4 -1
2 1 2 1 3 4 4 1 1 -1 1 0 -2 2 1 0 3 4 1 1 3 2 -1 1 4 0 2 1 0 4 -1 0 2 -1 2 -2 1 -1 1 0 4 3 1
1 0 1 3 -1 2 4 -2 3 -1 0 1 4 1 2 3 0 3 -1 3 3 3 2 1 3 2 -1 -2 0 -1 2 0 -2 -1 0 2 4 -1 4 0 4 1 0
2 -2 1 4 1 0 3 4 -2 1 -2 2 2 -2 -1 1 2 4 4 -2 2 0 3 -1 2 1 0 2 3 -1 -1 -2 -2 4 -2 0 -2 0 3 0 -2 2 -2
3 -2 1 2 -2 0 0 1 1 2 3 -2 1 -2 -1 -1 0 -1 0 3 1 0 -2 -2 2 0 0 1 -2 1 4 -2 2 -1 0 -1 3 -1 -2 -1 0 4 -2
-2 -2 2 3 2 4 -1 0 -1 1 3 2 3 4 1 2 -1 -1 0 4 4 -2 1 3 2 3 -1 1 4 3 3 -2 -1 -1 -2 3 3 0 1 2 1 4 2
0 -1 3 3 -2 3 4 -1 -2 0 -2 2 1 -1 3 -1 -1 3 0 -1 -2 -1 3 2 -2 -1 2 4 2 2 3 -1 -1 -1 -1 -1 -1 -1 0 -2 2 1 2
0 3 0 2 -2 3 3 -2 -2 0 4 1 -2 3 4 3 1 -2 1 1 1 -1 1 -1 3 4 3 3 4 4 3 1 1 -1 1 -2 3 -1 0 -1 -1 -1 2
1 0 -2 4 -2 2 3 1 3 4 1 -1 -1 0 2 -1 2 4 -2 2 1 3 -1 0 0 0 0 0 3 1 -2 -1 -2 0 4 1 4 2 2 4 2 4 -2
0 -1 1 -1 3 4 -2 -2 -2 3 0 1 2 2 4 4 4 3 2 -1 3 1 2 2 4 0 1 -2 2 1 0 -1 -1 1 0 2 -1 3 3 -1 1 -2 0
-1 -2 2 -1 1 -1 -2 -1 3 -1 -1 -2 -1 3 -1 4 1 3 0 1 0 2 4 -1 0 0 1 4 -2 1 3 4 2 1 -1 0 0 -2 4 -1 3 1 0
1 -2 -1 -1 3 -1 0 3 -2 -2 3 -2 -1 1 4 -2 0 -1 2 4 3 1 0 2 -2 -1 3 1 -2 -2 2 1 4 2 -1 -1 3 4 2 -1 -2 1 1
-2 -2 -2 -1 1 1 4 0 -2 -2 4 0 0 -1 3 3 2 3 4 1 -1 4 0 1 2 2 0 2 3 2 3 2 2 0 0 2 2 4 3 2 -1 0 2
-1 -1 -1 2 2 -1 3 4 4 2 2 4 2 -1 -1 3 2 -1 1 2 -2 4 1 -1 1 1 3 3 0 3 0 -2 3 1 0 1 4 -1 4 1 3 1 1
1 2 0 -1 -1 2 0 0 -1 3 3 -1 -2 -2 4 3 3 -1 3 0 1 -1 3 -2 4 -1 1 0 0 -1 0 -2 1 2 4 -1 1 -1 4 4 -1 4 1
-2 0 4 1 3 4 2 -2 2 1 2 -2 0 1 2 0 1 -1 0 4 4 -2 -1 2 -2 1 1 -1 3 4 0 3 4 4 3 -2 0 -2 4 2 1 3 4
-1 -2 4 4 -2 4 0 -1 2 1 -2 3 -1 4 1 4 3 4 -1 -2 2 -1 4 2 4 1 2 2 2 -2 4 4 -2 4 -1 4 2 0 -2 -1 -1 4 -1
1 0 -2 -2 4 3 4 0 1 4 4 2 3 2 1 0 0 0 -1 -1 1 0 -2 2 2 4 -1 -1 -1 -1 3 3 -1 -1 -1 3 1 1 0 2 -1 2 2
3 3 3 1 0 1 3 0 3 3 1 4 1 0 0 3 -2 1 -2 1 -2 4 1 -2 2 2 -2 4 2 2 1 1 -2 4 2 1 0 -2 1 0 3 4 -2
42 9 5 39 33 23 
8 2 26 34 1 28 11 6 19 18 16 38 33 35 4 7 29 20 9 32 40 23 37 3 17 27 31 22 43 39 15 12 5 36 42 10 21 41 
42 44 1 28
0 4 1 1 0 0 1 -2 2 3 -2 2 1 -2 4 0 4 -2 2 1 -2 3 1 2 2 3 3 4 1 0 4 1 4 1 3 2 0 2 0 2 0 3 0 4
0 0 -1 0 -1 1 2 1 3 0 1 4 4 1 1 3 0 4 0 4 1 -1 -2 0 1 -2 -2 -1 4 3 2 0 1 1 4 1 -2 3 -1 2 0 4 -2 -1
4 4 0 1 2 2 2 0 -1 1 2 -1 4 -2 2 -2 -1 4 2 4 1 0 4 -1 3 -1 4 2 4 3 -2 -2 1 2 1 -1 1 1 0 0 4 2 1 0
-2 2 0 3 -1 2 1 1 0 -1 -2 3 3 0 2 0 1 4 3 0 4 4 -2 -2 2 4 -1 3 4 -2 2 4 1 -1 2 3 2 -1 2 2 2 1 -1 -1
2 3 -1 4 3 0 4 -1 -1 1 -2 2 -1 4 4 2 -1 2 4 3 -1 3 4 -1 3 -1 -1 2 1 3 1 2 0 0 4 -1 1 4 -1 0 2 3 0 -1
0 4 3 4 -2 -1 -1 2 2 0 1 -1 -1 3 0 3 3 0 3 2 1 2 3 3 -1 -2 1 -2 -2 1 1 -2 0 -1 4 -2 3 -2 3 -1 0 -1 -2 1
3 4 3 -1 -1 4 4 1 -2 -1 2 -1 3 -1 -1 -1 4 1 1 3 2 4 1 -1 2 0 2 -2 -2 4 2 2 4 0 2 4 4 1 0 0 -2 3 -1 -2
2 3 -2 2 1 4 1 -1 -1 3 -1 -2 3 2 1 2 -1 2 1 4 -1 4 1 -2 0 2 -1 0 -2 -1 4 1 2 0 -2 0 3 3 2 1 0 0 4 -1
2 1 2 -2 2 -1 2 4 1 3 4 4 2 -1 -2 4 -2 4 -1 -1 -1 1 2 -1 1 0 -1 2 4 0 4 1 4 0 0 3 3 4 4 -2 2 1 0 3
3 2 -2 2 1 2 1 0 4 -1 3 1 4 3 -1 4 0 4 3 1 3 1 -1 4 4 -2 2 -1 0 -1 -1 4 -1 3 -1 4 1 0 0 1 -2 0 0 4
-2 3 4 1 1 3 2 1 2 -2 2 3 -1 1 3 0 2 0 4 0 3 -1 1 -1 3 0 -2 3 0 2 -2 3 -2 -2 -1 4 3 0 1 -1 -1 1 -2 -2
1 -1 0 -2 1 -1 0 0 -2 3 2 1 -2 0 2 0 -1 -2 2 -2 2 1 3 1 -1 1 3 -2 -1 4 3 4 2 3 3 -2 4 0 -1 4 1 2 2 3
4 4 3 2 0 4 0 -1 -1 3 2 -1 0 4 1 4 1 0 2 -1 1 -2 1 1 2 2 1 2 4 1 0 -1 0 -1 -2 2 -2 -2 1 4 1 3 -1 -2
-1 -2 1 0 2 -2 1 -2 -1 0 3 0 2 3 1 -1 2 2 4 -2 1 -2 0 0 4 3 -1 4 2 3 4 2 -1 -2 3 -2 2 3 0 4 0 -2 -2 1
0 4 4 1 4 -2 3 -1 0 -1 -2 1 -1 1 2 -1 0 -1 -1 0 3 4 1 -1 4 -2 0 -1 0 -1 2 1 3 3 3 0 -1 -1 0 -1 3 3 0 2
-2 0 2 -2 -1 -2 -1 2 3 1 1 3 4 3 -1 -1 -2 4 -2 4 3 0 -2 2 -1 -1 -1 0 0 -1 1 3 3 -1 3 3 3 3 -2 3 -2 1 2 3
-1 -2 3 1 1 -2 -2 -2 0 2 0 3 4 0 3 -1 -2 0 -1 1 -2 0 2 1 0 0 0 3 1 -1 0 4 4 -1 3 2 3 1 2 1 1 1 3 2
1 4 2 2 2 -2 -1 2 4 1 0 2 -2 -2 0 -1 -1 2 1 0 0 1 4 0 1 1 1 3 -1 -2 -2 -1 3 4 3 3 1 1 -1 -1 -1 4 1 3
-1 -1 1 -2 2 0 -2 3 -1 -2 -1 4 3 -1 2 3 0 -2 2 -1 4 4 1 -1 1 -2 4 4 2 3 -2 -2 -2 4 -2 3 -1 -1 3 -2 3 2 4 1
-1 2 3 4 4 0 0 -1 1 4 2 2 1 1 1 0 -1 2 4 -1 3 1 3 4 -2 3 -1 4 2 1 1 3 0 -1 -1 -1 0 2 0 1 4 -1 -2 0
2 -1 -2 2 1 1 3 -2 -2 -1 -2 0 2 4 4 1 4 0 0 1 2 2 1 -1 -1 2 -2 1 -2 0 0 2 0 -1 0 1 -2 -2 3 4 4 3 3 1
3 -1 -1 4 1 4 -1 -1 -1 -1 3 -1 -1 1 0 -2 -1 2 1 0 2 2 4 1 0 -2 -2 -1 1 2 0 2 3 3 1 -2 -2 -1 1 -1 4 -1 0 0
0 -1 3 -2 0 4 2 0 4 0 1 -1 0 0 3 -1 3 2 2 1 2 2 4 4 1 -1 2 -1 -2 0 4 0 3 2 1 -2 3 2 2 0 -1 2 -1 3
-1 -2 0 3 -2 -1 0 -1 0 -2 2 -1 2 -2 -1 3 0 3 0 2 -2 0 0 2 3 -1 -2 -1 -2 4 -1 1 4 -1 1 -2 0 -1 -2 -2 1 4 2 4
4 -1 3 3 2 -1 0 -2 -1 -2 0 -2 4 3 4 -2 0 2 0 2 3 0 2 -1 1 2 4 4 1 4 -1 -2 2 4 1 -2 1 1 -2 -1 2 -1 0 4
2 -1 2 3 0 -1 4 2 1 4 1 2 -1 -1 4 -2 4 0 1 -2 0 2 4 -2 3 -1 1 4 0 4 -1 -1 0 2 -2 -1 -1 1 1 1 -1 1 -2 2
-1 4 -1 -2 0 -2 3 1 0 -2 -2 3 -1 2 3 3 0 0 1 4 0 -2 4 -2 3 -1 3 -1 -1 2 3 -1 -1 2 -1 2 -2 2 0 -1 3 -1 2 -1
-1 0 -2 1 -2 4 1 3 3 3 3 -1 -2 2 0 4 -1 4 2 0 0 -1 3 0 1 4 3 4 -1 4 2 3 -2 -1 3 0 2 -1 1 -1 2 1 4 2
-2 3 -1 -1 2 0 1 -2 -2 3 -2 1 -1 -1 -1 1 3 0 4 1 3 -1 0 2 1 1 0 -1 2 3 4 3 3 3 3 1 4 -2 1 -1 -1 -1 -1 -1
1 4 4 -2 4 2 -1 -1 3 -1 1 4 0 0 3 1 4 2 -1 -1 2 0 4 0 -2 0 0 3 2 1 -2 0 3 -1 4 2 3 3 -1 -2 4 1 2 -1
-2 -2 -2 1 0 -1 0 0 3 1 1 3 3 -1 1 3 -2 -2 0 2 1 -1 -1 -2 -2 -1 2 1 0 2 3 0 0 -2 1 1 3 2 3 0 4 -1 -2 -2
4 0 3 -2 3 -1 1 -2 1 0 -1 1 1 4 0 4 2 3 4 0 2 0 3 4 -1 2 1 -1 -2 4 3 0 2 -2 -1 3 4 0 1 4 0 -2 2 3
4 -2 -1 -1 -1 -2 3 1 1 -1 0 -2 2 0 2 4 4 2 -1 1 -1 -2 -1 -1 2 4 0 -1 2 -1 4 1 4 2 2 1 -2 0 -1 0 0 -1 2 -2
3 2 1 3 -1 -1 -1 -2 -1 3 3 2 -1 1 0 2 0 4 4 1 1 0 -1 -1 3 -1 4 4 0 -2 3 2 1 -1 1 1 -1 0 -1 0 3 -1 4 3
-2 4 -1 -2 4 4 1 4 1 4 0 3 -2 -1 3 3 -1 4 -1 2 -2 -1 2 4 0 -1 0 1 1 0 2 4 2 4 0 -1 2 3 1 4 -1 3 -1 2
2 -1 0 -1 -1 1 4 2 -1 1 4 -2 3 3 -1 -1 2 4 2 0 2 4 -2 -1 -1 4 4 1 3 2 0 2 0 1 -1 -1 4 3 0 3 -2 -1 -1 1
4 1 1 4 3 -1 3 -1 1 0 2 0 1 2 -2 0 1 2 3 2 4 -1 3 0 -2 -1 3 1 2 -2 4 3 0 3 0 1 -1 0 1 0 2 2 2 -2
4 0 -1 -2 -2 -1 3 -1 -2 0 -1 -2 -2 -2 3 -1 -1 -1 0 4 4 4 1 -1 -1 0 1 4 0 -2 -1 -1 1 3 1 4 -1 1 0 -1 -1 -2 4 1
-2 1 -1 -2 -1 4 1 2 3 2 2 4 2 1 -1 -1 4 0 -2 0 3 -1 3 0 0 -1 2 2 3 4 -1 0 -1 3 -2 -1 2 1 1 -1 0 4 2 -2
1 -2 4 0 3 -1 2 3 3 4 2 0 3 -2 2 1 -2 -1 3 2 2 0 2 -1 -2 2 3 1 0 2 -1 -1 -1 1 3 -2 -1 2 -1 2 2 4 4 1
3 -2 1 -1 0 3 4 2 1 -1 1 0 3 0 0 0 0 0 -2 2 -1 2 -2 4 3 -1 2 2 2 1 2 1 0 2 4 4 4 0 3 0 -1 3 1 -2
2 0 1 4 0 0 0 1 0 0 2 4 3 -2 2 2 3 2 0 1 0 -2 1 4 -2 -2 4 0 4 1 3 1 3 4 3 0 0 2 3 3 2 1 -2 2
37 
7 34 17 28 41 36 33 31 23 35 10 26 13 29 38 14 1 8 2 5 32 9 20 40 37 19 43 16 
34 44 3 13
2 2 2 1 1 3 4 4 3 4 1 2 2 4 1 2 4 1 1 -2 3 0 0 1 1 0 2 0 -2 4 0 1 4 4 0 -2 2 1 -2 2 1 3 1 -2
2 3 1 -1 4 -1 4 -2 -2 0 -2 1 -2 4 2 -1 0 -2 3 -1 -1 4 3 3 4 0 3 3 -1 3 1 -1 -1 -2 3 1 -2 0 -1 4 3 1 4 1
0 0 1 -1 -1 3 -1 1 1 0 2 -1 1 3 0 4 -1 -2 -1 3 -2 4 1 -2 3 3 1 1 1 1 2 0 -2 -2 0 -1 3 -1 4 -2 0 1 0 -1
-2 1 -1 2 4 2 4 2 -1 1 -1 2 -1 3 -1 -1 -1 1 -2 1 -1 4 0 1 -1 -2 3 -2 3 1 0 -1 -1 1 -1 2 -1 4 4 0 -2 2 0 -1
1 3 3 -1 0 4 3 1 -1 -2 1 2 -1 3 4 -1 0 -1 0 -1 4 -2 -1 1 3 2 0 0 -1 0 1 -2 4 3 -1 1 1 3 -2 -2 -1 -1 -2 -1
0 -2 2 -2 3 4 1 -1 4 1 -1 0 4 -1 0 4 3 3 4 -1 1 -1 -2 3 1 3 3 4 2 2 2 0 3 1 4 -1 -1 3 0 -1 4 1 3 4
-1 -1 -1 -2 2 2 1 -2 3 0 3 1 -1 -2 -1 0 4 1 3 1 2 4 -1 2 0 0 3 2 -1 -1 4 -2 -1 -1 2 3 2 4 3 -2 1 -1 0 0
-1 -1 4 3 0 -1 -2 2 -1 3 -1 -1 3 -1 4 4 -1 4 1 3 1 3 -1 -2 0 0 4 1 3 4 2 1 -2 -2 0 0 0 1 2 1 2 0 3 0
1 0 -2 -1 -1 1 4 -1 4 3 -2 -2 0 1 -2 4 4 0 1 3 0 1 3 0 0 4 4 1 1 -1 -1 -2 1 4 3 -1 2 1 -1 2 3 0 2 3
3 -1 0 2 1 -1 4 3 4 -2 2 2 0 1 -2 -1 1 0 -2 4 -2 1 -1 4 -2 0 -2 3 2 -2 2 4 3 4 3 0 3 4 0 2 -2 3 4 3
3 4 0 3 -2 3 -2 0 -1 1 4 -1 2 3 4 0 0 0 2 2 3 -1 -2 0 -1 3 2 4 4 -1 -2 3 0 0 -1 -1 -1 -2 1 -1 -1 4 -2 4
4 1 2 -2 3 2 0 -1 -1 -1 -1 -1 -1 3 -1 -1 -2 3 -2 -1 3 -1 -2 3 3 0 -1 3 -1 1 2 0 -1 0 -2 2 4 4 -1 0 -1 3 -1 3
3 -2 4 0 3 -2 1 -2 2 1 2 1 1 2 2 -1 1 -1 3 3 -1 -1 3 -2 -1 -1 -2 0 2 -1 0 -1 -1 4 3 0 4 2 0 -2 -1 -2 3 -1
0 1 2 1 -1 -1 2 4 -1 3 -1 1 -1 3 3 -2 4 0 -2 3 -1 0 3 -2 0 -1 -1 4 2 -2 1 4 -2 -2 -1 -1 3 -1 2 4 -2 -2 0 4
0 3 4 1 1 0 -2 4 -1 0 -1 4 1 1 -1 4 -1 4 1 4 -1 3 0 2 4 1 1 1 -1 -1 1 2 -1 -1 0 1 3 4 -2 1 4 -1 3 4
-1 2 3 1 -2 0 2 0 4 2 -2 -2 1 2 -1 1 -1 4 4 1 2 -2 2 1 -2 0 4 -1 4 4 2 -2 1 -2 0 1 0 2 -1 0 2 1 2 3
4 4 3 -1 1 -2 2 2 2 1 0 0 4 0 -2 2 1 0 3 0 1 3 -2 0 -1 -1 3 2 -1 1 1 -2 2 3 3 4 0 0 1 -1 3 0 2 0
-1 -2 4 -2 0 -1 -1 3 3 3 -1 -2 2 2 0 -2 1 1 -1 2 3 3 1 3 4 0 0 -1 -2 -1 2 4 4 -1 4 -1 2 4 3 2 0 -2 -2 1
4 -2 -2 3 2 -1 4 3 0 1 0 3 2 4 -1 -1 -2 4 4 4 -1 -2 1 -2 4 -2 2 2 -1 -2 3 4 4 -1 -1 -2 0 -1 4 -1 1 -1 3 2
-1 2 2 2 1 1 -2 -1 -1 0 -1 3 2 -2 0 -1 -2 2 0 1 4 -1 -1 -1 4 -1 2 2 -2 1 -2 -2 3 1 0 2 -2 0 -1 4 0 1 -1 3
3 4 -1 3 -2 3 -1 0 2 1 1 1 4 -1 0 -2 -1 4 4 4 3 2 -2 -1 2 -2 1 4 3 -2 -2 0 1 -1 4 0 4 2 4 3 -1 -1 2 2
3 -1 -2 4 2 4 -2 1 2 -1 2 2 -1 3 1 0 -2 -2 3 4 0 4 2 4 -1 4 3 3 0 -1 -2 -2 3 0 -2 4 1 0 -1 -2 0 -1 2 0
-1 -1 3 0 -1 -2 2 4 -2 1 3 0 -1 -1 3 1 4 0 4 4 4 -1 3 -1 3 2 3 4 0 1 0 4 4 4 -1 -2 -2 2 4 0 -1 -1 4 4
-1 -1 -1 2 1 3 -1 -1 0 1 1 0 -1 0 -2 -1 1 -1 -1 2 2 0 4 1 4 2 0 1 -1 -2 -1 2 -1 0 0 1 4 0 3 2 -1 2 0 2
3 3 2 1 3 2 -1 -1 2 -1 -1 2 -2 3 2 -1 -2 2 -1 3 -2 -2 1 1 3 -1 3 -2 1 0 0 0 -1 0 1 2 2 2 3 -1 4 0 3 1
-1 -1 1 -1 4 -2 2 -2 0 1 2 2 -2 -1 4 -2 3 -1 2 0 1 3 3 1 -2 -1 -2 1 3 1 1 -1 4 4 2 -1 3 -1 2 0 4 2 -1 1
3 -1 0 4 3 3 2 1 4 -2 1 2 1 -1 4 3 3 -2 -1 2 3 -2 4 1 3 1 -1 4 2 2 4 -1 1 2 1 1 -1 2 1 2 1 -2 1 -1
1 0 -1 2 2 -2 -2 1 1 -2 -2 0 -1 3 -2 -2 -1 3 0 3 4 -1 -1 4 4 4 -1 1 3 0 2 2 0 -2 0 0 0 0 3 4 1 0 -1 -1
2 -1 3 0 0 1 -1 -1 0 0 4 2 3 3 -2 0 -2 -1 4 -1 -1 -1 3 -1 3 3 0 4 4 0 2 1 2 2 0 1 0 1 -1 2 -2 0 1 -1
2 1 1 0 0 1 2 4 -1 4 4 3 4 3 3 -1 2 4 -2 -1 3 2 3 -2 2 2 -2 -1 -2 -2 3 0 -1 3 2 2 0 -1 1 0 1 4 4 4
4 1 -1 3 4 2 -1 4 0 1 -1 4 -2 0 3 1 2 -2 -1 4 -2 2 -1 -2 3 1 3 1 -1 2 -1 -1 4 0 -1 -1 0 1 0 1 1 -1 3 1
1 3 0 2 3 -1 2 3 1 4 0 -1 -2 -1 1 -1 1 0 2 2 -1 -1 1 -1 3 0 1 -1 1 -1 4 4 -2 3 3 1 -1 3 1 2 3 -2 0 -2
-1 -1 -1 -1 -1 -2 4 3 4 -1 3 4 1 -2 4 1 -1 0 -2 2 2 -2 3 2 -1 -1 4 -1 -2 1 2 4 2 4 0 2 2 4 -2 -1 -1 3 0 2
4 0 3 -2 2 4 4 0 4 -2 0 1 3 1 -2 0 2 1 1 2 0 2 0 0 4 1 3 1 3 3 4 4 3 0 3 4 3 3 2 4 0 2 2 4
11 18 6 
13 36 5 29 26 40 6 1 42 24 8 41 3 
