0
1994637
3989274
7967084
11944894
17881861
23818828
31636497
39454166
49141784
58829402
70377015
81924628
95284433
108644238
123764612
138884986
155750261
172615536
191125631
209635726
229739241
249842756
271466692
293090628
316216013
339341398
363942008
388542618
414597055
440651492
468144242
495636992
524457309
553277626
583401214
613524802
644909780
676294758
708844330
741393902
775046645
808699388
843427769
878156150
913952661
949749172
986597217
1023445262
1061317325
1099189388
1138053495
1176917602
1216739122
1256560642
1297293954
1338027266
1379584377
1421141488
1463487680
1505833872
1548953861
1592073850
1635868697
1679663544
1724110676
1768557808
1813625491
1858693174
1904327446
1949961718
1996125342
2042288966
2088967802
2135646638
2182804939
2229963240
2277552993
2325142746
2373144514
2421146282
2469535529
2517924776
2566673429
2615422082
2664523281
2713624480
2762946915
2812269350
2861800875
2911332400
2960970416
3010608432
3060321819
3110035206
3159780999
3209526792
3259297759
3309068726
3358842634
