100
24 83 96 42 4 94 91 6 94 13 86 50 18 68 5 64 23 66 41 16 38 23 94 71 77 3 58 73 71 83 97 50 23 2 95 47 60 76 49 21 48 98 27 59 86 30 61 56 62 5 3 97 87 66 41 93 32 51 23 76 35 22 31 92 33 59 10 91 15 74 34 78 89 19 5 7 70 80 94 15 95 94 49 4 64 100 58 23 68 80 52 87 68 15 53 100 38 68 7 52
7806 27117 31313 13584 1206 30708 29597 1838 30597 4000 28009 16183 5702 22030 1449 20899 7482 21377 13250 5093 12227 7500 30561 23080 25138 745 18693 23891 23096 27025 31567 16263 7225 573 30844 15259 19411 24883 15740 6688 15566 32070 8792 19200 28180 9716 19664 18057 20006 1312 717 31749 28233 21485 13154 30258 10256 16497 7373 24594 11205 7140 10117 29911 10769 19127 3121 29583 4889 23957 10996 25393 28921 6184 1499 2286 22640 25972 30572 4763 30870 30555 15748 1206 20792 32593 18885 7418 22179 26143 16835 28500 22176 4699 17366 32583 12362 22077 2009 16881
98 69
69 12
12 13
98 60
13 42
13 10
13 2
98 72
13 63
72 83
2 65
10 14
14 33
12 50
83 23
23 51
83 75
83 81
42 59
12 56
10 61
60 3
23 64
2 30
10 22
22 91
59 85
13 67
75 92
92 86
69 6
92 48
12 9
61 41
56 82
33 95
61 5
59 45
42 38
86 7
86 77
95 18
75 19
63 29
83 40
14 89
89 66
67 52
29 80
14 90
77 28
65 54
42 27
90 70
70 62
3 24
19 73
77 94
5 31
90 79
90 20
48 78
6 47
20 39
3 99
78 35
50 15
60 76
73 37
86 11
29 17
47 44
76 43
79 71
51 49
51 25
9 26
14 1
45 58
23 34
15 46
37 53
14 96
3 21
60 74
3 55
95 8
15 100
3 87
41 32
7 93
81 84
83 88
31 16
16 57
5 4
6 68
80 36
18 97
100
1 24 7806
2 83 83
2 96 96
1 42 13584
1 4 1206
2 94 94
2 91 91
1 6 1838
2 94 94
1 13 4000
2 86 86
1 50 16183
1 18 5702
2 68 68
1 5 1449
2 64 64
1 23 7482
2 66 66
1 41 13250
1 16 5093
1 38 12227
1 23 7500
2 94 94
2 71 71
2 77 77
1 3 745
2 58 58
2 73 73
2 71 71
2 83 83
2 97 97
1 50 16263
1 23 7225
1 2 573
2 95 95
1 47 15259
2 60 60
2 76 76
1 49 15740
1 21 6688
1 48 15566
2 98 98
1 27 8792
2 59 59
2 86 86
1 30 9716
2 61 61
2 56 56
2 62 62
1 5 1312
1 3 717
2 97 97
2 87 87
2 66 66
1 41 13154
2 93 93
1 32 10256
2 51 51
1 23 7373
2 76 76
1 35 11205
1 22 7140
1 31 10117
2 92 92
1 33 10769
2 59 59
1 10 3121
2 91 91
1 15 4889
2 74 74
1 34 10996
2 78 78
2 89 89
1 19 6184
1 5 1499
1 7 2286
2 70 70
2 80 80
2 94 94
1 15 4763
2 95 95
2 94 94
1 49 15748
1 4 1206
2 64 64
2 100 100
2 58 58
1 23 7418
2 68 68
2 80 80
2 52 52
2 87 87
2 68 68
1 15 4699
2 53 53
2 100 100
1 38 12362
2 68 68
1 7 2009
2 52 52
