15 15 10000 2 2 21
0 1 0 0 0 0 1 0 0 0 1 0 0 1 0
1 0 0 0 0 0 0 0 1 0 0 0 0 0 1
0 1 0 0 0 0 0 0 0 1 0 0 0 0 0
0 0 0 0 0 0 0 0 0 0 0 0 0 0 0
0 0 0 0 0 0 0 0 0 0 0 0 0 0 0
0 0 0 0 0 0 0 0 0 0 0 0 0 0 0
0 1 0 0 0 0 0 0 0 0 0 0 0 0 0
1 0 0 0 0 0 0 0 1 0 0 1 0 0 0
0 0 0 0 0 0 0 1 0 0 0 0 0 0 0
0 0 0 0 0 0 0 0 0 0 0 0 1 0 1
0 0 0 0 0 0 0 0 0 0 0 0 0 1 0
0 0 0 0 0 0 0 0 0 0 0 0 0 0 0
0 0 0 0 0 0 0 0 0 0 0 0 0 0 0
1 0 0 0 0 0 0 0 0 1 0 0 0 0 0
0 1 0 0 0 0 0 0 1 0 0 0 0 0 0
999
998
997
996
995
994
993
992
991
990
989
988
987
986
985
984
983
982
981
980
979
978
977
976
975
974
973
972
971
970
969
968
967
966
965
964
963
962
961
960
959
958
957
956
955
954
953
952
951
950
949
948
947
946
945
944
943
942
941
940
939
938
937
936
935
934
933
932
931
930
929
928
927
926
925
924
923
922
921
920
919
918
917
916
915
914
913
912
911
910
909
908
907
906
905
904
903
902
901
900
899
898
897
896
895
894
893
892
891
890
889
888
887
886
885
884
883
882
881
880
879
878
877
876
875
874
873
872
871
870
869
868
867
866
865
864
863
862
861
860
859
858
857
856
855
854
853
852
851
850
849
848
847
846
845
844
843
842
841
840
839
838
837
836
835
834
833
832
831
830
829
828
827
826
825
824
823
822
821
820
819
818
817
816
815
814
813
812
811
810
809
808
807
806
805
804
803
802
801
800
799
798
797
796
795
794
793
792
791
790
789
788
787
786
785
784
783
782
781
780
779
778
777
776
775
774
773
772
771
770
769
768
767
766
765
764
763
762
761
760
759
758
757
756
755
754
753
752
751
750
749
748
747
746
745
744
743
742
741
740
739
738
737
736
735
734
733
732
731
730
729
728
727
726
725
724
723
722
721
720
719
718
717
716
715
714
713
712
711
710
709
708
707
706
705
704
703
702
701
700
699
698
697
696
695
694
693
692
691
690
689
688
687
686
685
684
683
682
681
680
679
678
677
676
675
674
673
672
671
670
669
668
667
666
665
664
663
662
661
660
659
658
657
656
655
654
653
652
651
650
649
648
647
646
645
644
643
642
641
640
639
638
637
636
635
634
633
632
631
630
629
628
627
626
625
624
623
622
621
620
619
618
617
616
615
614
613
612
611
610
609
608
607
606
605
604
603
602
601
600
599
598
597
596
595
594
593
592
591
590
589
588
587
586
585
584
583
582
581
580
579
578
577
576
575
574
573
572
571
570
569
568
567
566
565
564
563
562
561
560
559
558
557
556
555
554
553
552
551
550
549
548
547
546
545
544
543
542
541
540
539
538
537
536
535
534
533
532
531
530
529
528
527
526
525
524
523
522
521
520
519
518
517
516
515
514
513
512
511
510
509
508
507
506
505
504
503
502
501
500
499
498
497
496
495
494
493
492
491
490
489
488
487
486
485
484
483
482
481
480
479
478
477
476
475
474
473
472
471
470
469
468
467
466
465
464
463
462
461
460
459
458
457
456
455
454
453
452
451
450
449
448
447
446
445
444
443
442
441
440
439
438
437
436
435
434
433
432
431
430
429
428
427
426
425
424
423
422
421
420
419
418
417
416
415
414
413
412
411
410
409
408
407
406
405
404
403
402
401
400
399
398
397
396
395
394
393
392
391
390
389
388
387
386
385
384
383
382
381
380
379
378
377
376
375
374
373
372
371
370
369
368
367
366
365
364
363
362
361
360
359
358
357
356
355
354
353
352
351
350
349
348
347
346
345
344
343
342
341
340
339
338
337
336
335
334
333
332
331
330
329
328
327
326
325
324
323
322
321
320
319
318
317
316
315
314
313
312
311
310
309
308
307
306
305
304
303
302
301
300
299
298
297
296
295
294
293
292
291
290
289
288
287
286
285
284
283
282
281
280
279
278
277
276
275
274
273
272
271
270
269
268
267
266
265
264
263
262
261
260
259
258
257
256
255
254
253
252
251
250
249
248
247
246
245
244
243
242
241
240
239
238
237
236
235
234
233
232
231
230
229
228
227
226
225
224
223
222
221
220
219
218
217
216
215
214
213
212
211
210
209
208
207
206
205
204
203
202
201
200
199
198
197
196
195
194
193
192
191
190
189
188
187
186
185
184
183
182
181
180
179
178
177
176
175
174
173
172
171
170
169
168
167
166
165
164
163
162
161
160
159
158
157
156
155
154
153
152
151
150
149
148
147
146
145
144
143
142
141
140
139
138
137
136
135
134
133
132
131
130
129
128
127
126
125
124
123
122
121
120
119
118
117
116
115
114
113
112
111
110
109
108
107
106
105
104
103
102
101
100
99
98
97
96
95
94
93
92
91
90
89
88
87
86
85
84
83
82
81
80
79
78
77
76
75
74
73
72
71
70
69
68
67
66
65
64
63
62
61
60
59
58
57
56
55
54
53
52
51
50
49
48
47
46
45
44
43
42
41
40
39
38
37
36
35
34
33
32
31
30
29
28
27
26
25
24
23
22
21
20
19
18
17
16
15
14
13
12
11
10
9
8
7
6
5
4
3
2
1
0
981191982
13413
685634705
114101453
493434721
659886270
12693
9455
21063
488201652
2832
170420357
1852
5104
4346
545859428
278785608
16269
252390678
11338
455083478
304780324
713864366
878025315
321150851
20131
931302487
434230482
49357408
303982804
4959
809525906
5813
931220608
2673
455062155
747173386
835084910
12874
9290
970187345
804550997
118290735
933811612
238075992
130021916
521500189
622846230
23269
956103466
18243
470037290
96043991
757761877
141949208
495739562
662509442
14288
911871324
246664022
514523472
398864045
15950
16743
10181
583179455
607144590
33710084
625628452
963308806
290216056
1277
26955
6584
299426326
21059
849970366
6856
21776
954692454
16166
109734662
222828002
161660000
192986547
24123
23134
641681325
450308872
963188894
175228001
262471824
928230653
24782
305387627
14657
932921319
25865
688423559
9794
321885469
784770762
540506538
879155182
918725808
343421292
329860158
29167
19376446
867987612
209560563
215543612
10277
803831930
861187200
865705922
21940
269160103
859641730
845350452
95450603
712581421
212208433
481456968
21313402
482927419
471053879
688511351
781807954
128392405
740199306
544292839
43592637
144957138
5309
290296706
19399
251036457
11250
125461634
219342727
7079
15777
501738869
837212374
225142565
28059
369390813
3437
876520075
21534
416924646
676044881
363226606
49538305
882677531
981394579
623712211
57375500
26104
369330256
57518614
839970753
520543486
28655
793815517
404435982
25486323
847047099
979711182
825379452
728016232
20038
482275198
17551
131678306
435291828
11148
1561
735611799
9079
287378745
7270
632517124
63689724
984037468
610407313
86691430
23293
527227061
20872
28971
434933698
655543725
22123
840403474
890119045
807190870
129285796
520226631
130359202
7709
513790350
29579
15718
709776773
16312
958185501
113148408
32588223
8866
27578
11679
196739304
148087021
248568008
24502
20906
792845423
16924
199114375
825963220
517805189
12383
69496585
838059187
711673154
907906622
6671
326629983
6578
676045974
280787196
27653
810326457
119937950
7667
15134
504278660
873144536
992079750
483539366
232933270
21301
301579605
120026699
29916
14880
907931935
239899283
13485
169203453
5806
59786669
891449384
401538129
22475
496287067
18739280
26615
582212828
251701159
338846352
7018
949053821
880876450
357634141
765175234
7985
719032803
13801
208092304
20685
19002
12376
3593
891471312
12820
107570498
975162790
16219
126402270
455202989
24156
76454734
12390
647106501
130207813
21095
720453880
380047831
480661348
28330
777224330
530864568
14054
202694874
144915435
625572953
13399
3979
23974
123965642
103777741
8280
538639563
180730598
18980
3085
3232
739240241
367051659
995393321
721040854
23340
456617807
5939
28604997
7553
343636390
111963719
822046945
25114
18847
20050
4851
17942
606163699
140807543
11549
646128250
360491280
4527
115970374
603667483
565273568
499103133
742304971
200860137
159604559
22940
966582240
13314
963560155
64091918
729661378
249472877
502085856
3079
62556074
11415
252455614
115312797
189273868
54903903
979312107
27859
14909
497747403
503624034
172193884
503287445
7022
11447
258155043
8972
380628981
263970095
515565191
17641
142413956
883284424
6650
89234437
4193
11112
14279
8005569
260394463
29558
162219804
2404
903328037
27924
206741872
22657
4588
27575
17718
417654521
994137331
924806416
918906811
346578122
848141090
156699572
7034
16373
14457495
545096390
332317099
425875153
61913307
788942447
882144545
991130867
344609859
18707
674349097
23532
62130275
29181
4394
639583229
17916
80332106
380440175
143655791
22976
788343740
783979519
607101972
230606073
216575348
414473925
694625964
29681
650431483
127430463
107284721
10645
66784634
198933401
141253356
244390742
244183096
46113462
230509416
195901132
270633123
27417
23502
546365016
25659
816924707
193608101
224920197
118347020
2088
189659118
394894030
29855
736418261
547382127
14639
704942835
704054208
986772674
15038
505827875
16982
607418316
4755
900631831
16813
308636995
579826392
95284931
303475693
10647
26277
369418986
176085521
25669746
186581558
47996546
385234346
249541737
40471302
29448
311052697
248996851
910361601
525293280
935908904
20057
508250603
712218533
20127634
670432822
83559402
7039
779305818
602889395
946246593
51924408
26686
33705748
703624857
918256921
24497
245061397
796315943
607502529
413925014
543433168
212054329
6901
13683
193997883
47817111
14470348
683524478
185099319
548368331
24169
27355087
21626
870301266
6815
23037
831159837
27671
23542
4861
551865856
508309923
21123
196606270
7115
389991369
141789297
144393689
21341
520050290
5910612
263850576
281634940
319049243
25073
441455851
8589
9701
257219059
537421526
318780175
591671529
927869454
201407782
635967970
25327
160544085
1259
4029
419390788
20736
798159977
10578955
50694460
168240548
306858200
974477768
193245751
324723007
16694
593560264
743510660
831416531
23941
607073981
778033911
799292177
423186798
813888124
474791977
8403
8534
321276873
26560
656367734
19698
906301407
943815580
11100
25355
713773452
195518170
124105968
315243236
24644
1658
672378789
7482
5982
10424
459054403
28952
703864153
205791728
751412940
520218012
25881
22107
257256021
14206
331858341
616170715
969403452
304188643
246704077
455502870
59228416
349034413
247193737
893161098
29489
538322701
21871
796036653
24129
29087
22427
25604
429849756
23223
859396866
5064
9956
360576245
817034227
241493252
410447351
229810988
319702949
27412
719082133
5254
17458
328965429
268345516
338401481
14556
347781507
361280670
23484
27426744
596790031
624260163
30220288
998516831
302947530
84932596
455046894
114962492
208249031
924134594
597944921
440265146
340619284
5242
312177047
212180995
214630663
243714411
565471936
495202332
975574914
967405991
916169377
8536
837909024
418282575
785253304
875003079
14346
12544
507156468
28283
926903391
937556221
15954
20519
5008
9053
17888
373994578
70030128
302549574
352179619
5853
10126
841092364
831719438
506172358
373291063
434335440
712430239
17273
11553
27698
65719525
384113783
687293106
529235854
1125
18462
633675215
316952523
134554416
441937291
490542271
83857197
822304649
145604817
635965579
216944410
601955222
935216302
725495452
516219414
45497045
987599346
739235815
95527963
128436411
653284885
451595935
26670
822754530
2691
929063312
138880290
599530552
601718578
231878932
787024608
28877
12976296
29205
65078103
195585947
86617391
107047601
591631039
419784737
92017986
604949237
7734
95059791
382609485
759891608
11876
517567725
851503042
47811284
148262951
27424
637210065
236884242
512546717
582504731
601696611
12939
29623
884611999
21994
23622
729592654
3350
902212874
256460322
940052071
20492
938345228
357243396
295044802
483207481
3501
64391727
308395353
607385368
605064685
497721687
10825
25904
20367
844317896
11131
17930
35121722
226260912
4556
697096750
546368382
670291398
15980
995720027
380729575
548733526
56081305
274056966
16174
5096
333730704
816805117
6978
29849
29286
102543928
967751838
17168
8680
3916
14192
226358546
19094
370294907
559597117
609776735
325244764
870281050
143854027
19528
505986696
21429
552571239
27901027
5009
442217781
624629620
639491404
32926159
14741
754180958
2655
23488
16690
29245
24260
984396934
761273
891746969
444731266
16371
757342268
26885
5349
967803239
7335
603440478
403146661
106578528
63683618
256342318
186290743
590401615
21213
923379188
340084683
17670
222435902
613716366
889699406
861472906
579437101
803730067
26516
309129789
9513
15226
547510106
281188594
28927
19057
28701
309773833
832682378
3029
25942
255070394
6422
716284197
174183647
99977900
24020
20636
777530715
282853587
4332432
779124739
337071684
28182
546032508
21938
152584041
26270
591958634
506178153
253895269
984759787
944205908
2275
17503
701301148
376838670
343011656
787403101
107009204
11797354
962944003
647012240
556051348
275848209
711279845
583031017
734134031
68780440
13574
171282629
389309912
856176569
13404
17706
182523575
117296965
809478405
694597788
15003
354640808
221861603
595706588
27625
703289000
851851323
931801390
19215
102367539
342858195
12221
255127001
485054628
20737
678009223
3305
15624
8834
24128
260871889
7804
904671332
760461407
7091
208714145
5861
770048234
669085334
194702797
3760
409072151
889831064
205044460
510323287
3258
201774853
28743
13476
607587988
17310
263533953
13516
26279326
809342953
13874
1189
771999380
7912
500456888
20589
832018587
696140453
24878
21048
391441588
6631
12291
819726481
450700756
96707690
726209006
719035565
14288
512774848
825745410
412361455
153562459
947866585
23734
17016
186763475
476283191
666164429
12543
1335
818969309
17270
6847419
52539287
361565578
775082744
24491
23932
22017532
49947630
21615
790463957
15742
5427
9345
585712565
13195
29838
453205594
263130823
221778279
675365441
563976201
16136
19553
710825825
78511016
52026837
838977340
146770109
25230
258561698
135144274
284612559
28565246
88052945
7757
407046182
354725479
274023104
614933771
6356
678912600
156351924
23730
436046311
840528473
27314
134882343
598479397
57064084
597508731
645014401
6459
846618622
113551037
699787757
262291046
578872134
946361131
26874
16271
25608679
620310208
244945978
568148741
626631226
865911093
480449328
8090
64867889
846982843
853865045
674315465
9679
701123362
954382230
1709
5064
742399992
797858248
134401950
14292
594255865
556502893
25806
430290126
25531
6679
27243
887103278
938807479
86659548
86786076
362841340
10449
387848285
10638
397935765
533880211
466913540
24420
15032
357290864
140861325
911646722
25529
21007
995200745
15378
22188
179139872
197982609
951010221
27538
219780429
21660
932871278
849611
895056657
4013
20422
696163415
989101682
13497
5711
282484500
88630011
72417961
570428901
902713880
24809
479189065
738860293
567556037
786589110
872353287
562858702
539111936
296265541
892658141
394636792
549280358
3476
21090
696657544
9580
190456781
427613165
817804073
958654354
14412397
16815
559155173
497065945
372845771
12448
667712105
223901280
219028018
692473807
237664407
782191795
116011681
72377446
236623529
403907311
935512075
547219532
11744
15974
17182
310317166
989168201
474442449
17916
573743809
387826149
343056257
75388150
711060379
34372584
4000
23233
449277300
944563325
5739
880241370
137550917
26749
27618
59862543
19394
380026221
101740737
747119921
3098
677828037
107842230
920402277
5294
21545
18885
839675731
508589342
707604091
52119337
985977835
11797
28556
800485482
61219145
21452
262919258
510592402
438256035
23632
988452171
744523128
500977694
342535880
449993061
20505
671504033
10623
161984001
613342799
938496949
343098132
268722552
211525609
311718529
206907936
22871
16520
829009272
357910334
25243138
410977100
907934338
15856
61317740
97653104
243926679
26990
17806
362631859
11479
8391
440772618
566168467
20633
432338433
645150821
571646329
7097
5797
19981
20346
566446890
426724629
21785
374627503
14798
12719
14839849
795709069
856364138
595834018
13950
10596
843705814
580239472
13686
835359515
28058
967402851
245697354
744458761
79852456
572670727
396535758
4203
27457
12949
20906
14730
155284634
595371127
117624061
771024331
14699
122634383
92149614
9896
139923591
403054809
410575371
846356138
817889946
626545824
351462105
700329838
5976
560822350
27487
423432956
298869271
29192
709265491
21340
19625
746844162
977962254
65456960
23983
662630055
665998994
653745279
738673303
23501
553127010
636730662
30732431
27445
2858
501542106
567894917
13291
631872420
377592587
590836606
573229603
185671615
954619119
10742
16802
526980371
763576914
13498
845364797
17252
727305967
814266459
20566
438395830
13916
200419720
839136940
365245233
435886992
453240614
743475583
2772
754496979
796098174
831389398
912468482
265292600
298613272
725559127
4451
825092389
855079246
22240
819623989
878019473
608070808
602623853
9331595
5773
920476049
897193042
416006422
92861041
630396093
373936528
3419
283396903
931470862
5751
683109347
166825622
544145778
664703747
501764329
266089439
27582
991047796
995368574
2572
569987714
20581
11240
407106960
915309726
590379856
14587740
470234693
592845185
18925
769731258
14761
687405814
337893902
202367667
691147122
24572
156399920
958137796
259808493
948047305
588879447
237055080
370904420
368992138
28658
460799679
17334
685923348
285886794
357205040
415741773
11831
964272963
321841869
582361945
815960519
11657
872235495
174353448
123621889
26613
464140080
13744
796376582
19929
17006
4944
22151
1057
45899106
608721535
7956
209996732
312284242
127384753
379550620
544998553
2240
28237
357571793
215098749
315989
26219
804794175
105993740
951214067
84127131
848821496
65316938
969968072
546746386
18938
607433560
664815431
542537976
284087152
4809
135064482
310241663
14682
52910088
250346983
15030
698816570
798520517
654527837
10481
484430707
848241811
958166942
9700
25604
28057
9975
23260
727575147
8148
5673
566262960
20690
22252
357614952
19288
27500
15416
284784270
9296
1303285
14043
393130100
724078901
944690714
17486
905682215
30690675
6742
128354549
229138901
151635256
981271340
683626304
704853568
288110240
7414
10486
414016594
675780886
141479540
27430
12434
140806358
630793314
761068202
588866828
783812733
600186286
17369
189770353
3476
638150775
4259
7617
31362487
748506766
246482048
21767
452538328
819354642
17518180
20303
692588474
232987102
742561075
952861046
26678
19627
571917271
293121957
4451
170328531
919425271
556543159
15618
570443800
1410
22540732
23756
488218669
251486497
60407861
360754257
151602212
541413572
2995
6301
29498
345813051
817415368
6758
999103687
787039766
21700
41815998
838636461
699596837
12505
28404
66764870
854257876
686611392
437059679
4796
516378868
24718
176537608
8964
260323655
421287337
19860
25155
11094
219927495
811070082
29173
394129093
4520
13679
781814574
17579
229601090
707415865
979481537
699969658
4702
13052
661056570
12517
20638
27290
4592
5128
359303497
14764
1008
184975007
715942110
7592
684838493
546097618
910907007
608692534
49733326
7467
12879973
146544395
763038324
21226
681870666
123044306
61878188
600682278
23395
663302657
13874
21480
868546826
615396073
95383755
95453743
8957
11918
264074626
34836350
277381425
243003185
13946576
21233
27011
8129
196120278
483571511
881162911
794256493
487987416
4461
170499347
92860460
11682
15017
10543
12831
13632
980299816
613006160
3015
179350769
15942
171441192
18237
905300220
5938
100022847
17364
900634566
23229
817974956
546780571
11717
433515767
791822190
559736770
623985790
505942342
22394018
217804911
663854091
15113
182110570
366250242
3442
71779611
255743000
220521444
7595
916178704
15576
6094
5270
815094428
298987468
874084123
982349684
997407187
19304
224227843
10402
12691
976390237
6138
19776
147883017
41080850
928760244
27294
18969
894677426
25256136
82802378
142993036
5997
7176
964710814
901087118
236787923
428747342
771305720
281106521
356917495
24706
815776502
494430419
7548
311778929
352961283
680895369
983971651
10688
118981347
10860
377501702
939895437
18156
10064
723978828
754323603
564268108
15186104
20098
550169058
779429731
103724882
149582111
298871075
857975704
688498
46086473
507701116
706955719
397576262
14437
506921715
25403
1213
235555132
113958075
4908
18458
980823535
959606682
294188856
10749
422317765
9870630
996404981
2943
526015732
29535
17519
20248
2006
168106485
691742257
20112
747789537
808093721
916048646
21705573
677410074
630260227
904994784
587784394
13373
872901533
656057553
840415523
4826
329132600
478891919
273136431
370308938
685349898
957397192
635131079
446846988
22627
561257852
468176654
7712764
433787353
29469
745463256
799318133
135751031
262846256
853167468
102846583
27602
307513124
284237314
27830
6096558
81517814
964057680
354158940
10035
215190632
493213981
12897
20664
984315205
105021108
28979
842766338
889354668
279745870
872786571
9864
1575
592517930
22263
10248
20858
644398360
4309
213782015
196109510
21651
650726671
184650685
973863884
207497637
998306172
944543933
769737337
16172
27730
319151641
511431789
143243201
23220
195100479
781159460
10734
18751
880969832
357806377
406022397
207588059
3679
187486215
964780314
411884750
851616442
908393756
17324
666206763
83841385
859189523
881765849
94428149
102665572
21487
877579943
143465968
79595611
7426
287532375
952481574
312132458
18184
608429575
29812
874741859
5868
23137
949846681
19360
721107219
332138265
249130312
4771
448459931
357366623
26617
173011121
555063948
794912329
761418309
541291187
11056676
169135351
19893
877629786
885705455
158944092
301854022
946934658
401827809
460516544
302499174
150406641
3622
997423546
862035157
790294179
7103
20954
987236114
26911
798969402
993422909
404347299
491687854
26529
928521741
124607686
20750
204019712
337117551
41528275
3574
136622644
8110
73521870
10065
606794827
51033230
37722895
26267
22956
415977733
40834371
402181048
634907318
436431393
14381
246152657
950467727
406782396
23842
625400143
287793419
395131955
10757
6909
18073
698312578
224553161
543117916
358470674
10776
6440
13496
565503834
701197498
32151024
196349942
873302879
62823214
16040
982300746
19032
567973655
4894532
29448
569756595
2410
926240323
520329437
19075
790881935
352203669
9442
222118808
341929835
15000
14419
400374628
425583152
615979311
78732268
28237
823805988
150601392
435245231
28378
113618237
26571
4967
480853006
545301284
27261
534088804
265608741
4201
450523455
6964
29540
10342
275420598
6813
19259
914147027
25954
29402
939618248
757655329
682064899
954981638
248145392
13443
17669
818254715
21451
686150126
20591
763225548
354779817
747078092
520995568
615006351
492616656
29482
697918601
975735192
7015
758491845
23451
193889458
99632622
20564695
3813
98849956
200689387
19153
61034392
77769356
584394588
922651327
19151
97174757
10666
469023118
799876300
1239
22233
8397
575044056
182847268
16037
702704987
29399
376386943
870944294
252639570
295307990
18794
11995
290926381
331402145
289199891
573944416
81379235
675114345
9222
113646984
549558652
91648619
7266
880666960
624814178
560699695
149453533
3498
467486457
892408184
10380947
859503072
207076274
248860871
510457775
547939505
872237220
692215283
943911466
8650
499424916
847897004
1346
789315232
686914253
21945
746917958
883013669
673709902
369197567
755108220
125148912
23036842
695648448
576703557
567333315
26696862
22812
206464808
611120138
210702499
21225
621738735
6447
986902921
114447677
845559633
1576
715745827
86383874
13360
734864728
7761
287823993
197175122
942402482
22812
15655
583189579
484402504
28550
908380956
23223
9354
15253
576122758
8912
9287
205974944
942640564
22512
917175226
16281
734338146
14253
498153029
753919689
28768
412041951
14742
1837
213511257
650985698
3310
241104112
28532
20251
919388345
219768553
139396020
244641984
109815800
509480608
10524
1316257
797286752
22832
863216308
121502765
29136
8391
13990
350623566
23616
140408060
69607875
239667145
312880679
3048
28337
919263744
636981388
990018558
7928
107353392
8783
12424
876169741
2541
585833842
599799981
68600565
149118917
287003049
22143
636976444
15925
9164
20650
958301355
12074
47057747
799341333
201056448
10836406
515763563
7068
205429604
468902898
160584128
18697
262163104
147187303
196550349
17900
8060
195734364
590793455
381482411
513124401
10389
569057543
196072375
14102623
132171461
416125682
100081420
13631
25942
891313040
892405040
282786206
900131665
2846
646745012
6137
22284
374494033
26104
29075
435290579
3911
438856143
593093061
591329981
555609225
438708259
26083526
17764
166498963
806022725
247598015
343380185
830372984
561860383
14757
464568597
10051
126807303
14298
24838
7983
441408473
465016435
855891204
540527309
425308097
5226
574966204
651447938
22162
375484330
15154
24263
19366
259684957
18855462
14917047
23267
431283547
588488078
220154213
3035
856726448
418672820
2128
285346070
3139
22998
19271
94834732
808162205
18437
109579257
253718874
158357541
825149470
13227
11235
14442
15611
105227251
766490619
17612
264761929
9037
741174602
512941185
525126503
478129450
10913
367090713
895543869
14892
16153
21364
185816843
6671
950327637
12947
716183771
8808
639078941
236329261
13754
9404
459716762
980584714
865982076
170883778
286225857
13535
219700410
29599
743728437
295101505
630108362
28506
83914907
114230571
456793738
768025788
2313
729390273
23650
10642
670237845
326258017
820061992
855839093
921359788
308755077
849751931
460805422
221925027
8530
9342
4811
17442
20339
837728615
564639650
25190
80969653
7453
352334560
808203181
991465035
10317
19446
8188
9704
132975292
8943
119380589
947751387
165464308
748344671
17745
592571478
1927
659575658
703589260
895744128
4556
527721989
92214614
456511236
17853
776415170
610974096
521010441
461177066
436847777
238720513
669644339
718166502
850709287
158167150
857309016
702006479
13698
501409509
15491
826025119
18210
924390389
242924332
438541938
1124
252224720
266157358
691677976
927127131
564855505
855013465
428864504
318474096
303885873
359799407
26432
192929643
194896806
479664476
989386390
1487
569180655
19906
316907885
146419471
957506583
913478509
663484688
344181798
26592
11857
948057986
13979481
181346656
9099
4857
26722
721280936
443700456
16783
458122489
799433267
370909921
11157
686027547
939554525
614821718
925453928
14283
601838459
959801657
5407
265013309
880473936
404667772
19758
193519953
941533564
23816
784011075
22781
88952288
965648661
841450827
806185638
18057
28608
285530840
21935
24741
55221735
22687
334665100
23101
279871807
20118542
781210907
44945688
132061405
3028
22903
251181017
423698901
15231
811336758
20734
12139
254332798
9163
698627101
602670205
15917
518466100
92262403
752914676
658250364
15171
14454889
264228514
3809
894673745
67468089
213158323
24633
13051
239972171
972523207
9601
105209412
439504833
389781398
280478027
18422
821764953
476369817
172531681
2352
71761619
675770264
79391756
397787347
898397941
740941063
476836081
381043533
150996594
737460090
19573
839797250
12610
934431624
24691
941872598
629243911
22630
33725189
10803
40247160
309256865
7721
666793533
203872833
29724
3342
109917529
18141
258820670
398682680
520097780
188705530
24899
382681044
342930348
17197
29424
673169663
12683
612151156
369792451
623585200
28502
488394852
10214
10085
4969
18381
182159702
15891
865159724
24323
147751420
650242434
924756529
905941030
848254406
616056652
320740619
28068
716434876
609364816
710539937
616441548
3997
11905
783561486
981363731
793550276
206471281
23320
211130010
26503
36820623
919370606
5073
565806538
572904990
716644054
25147
687928291
16437
109119636
945365864
9187
621786178
123303907
497300628
167874602
824132400
323113402
511929055
159372171
885423496
28827
433727812
4007
674642019
728237559
6085
78692617
769094752
141532739
823089707
432538521
937739780
731986612
705301608
161265600
954650113
766638590
1931
18423883
14523
245635473
100390010
793926817
20927
7321
9969
17585
12995
163886966
859215705
651642715
813658735
6502
347931789
812882577
922333713
187389642
989554459
889049369
132412472
27971
69841840
1016
1470
7567
137352887
755950712
19954
31599527
881866699
802888946
720294221
45963236
632966966
151433113
6564
15017
901639082
534788222
20460
814095797
5148
555999471
9372
295445281
13330
18420
320425142
799334247
2822
94894367
18384
137249599
8574
22056
178187191
9391
29139
572586739
887070065
567488934
24736177
706838342
20211254
846811740
15460
27601
753155946
5071
4099
20643440
212692118
1220
730126141
764918375
523050149
4997
657312628
431348553
918013366
316045850
266376432
612437574
652333574
623309501
111622698
11526
63858438
436335039
122289828
130036646
193336584
29948
16958
35568243
116987752
534225860
589985021
15413590
480343678
24852174
506329313
63593837
210577560
9701
8124
314693959
150741647
982252182
22912
356628540
356541887
32459211
730889589
438244778
27326
218605968
399486732
812559018
10792
9501
816643589
410726805
889651571
550975455
299857700
310952435
101992161
5826
133105045
13635
28049
667199160
225688808
23863
59718419
370154726
164681788
29643
631818761
4844
168145032
10878
12156
829724652
15532288
23620
279933278
343348271
821627718
27181
800382411
28477
11736
4675
201817874
409835601
210307299
14363
4208
3990555
622955526
74733935
131842338
675887864
959122679
5978
885341453
507806540
19171
452452253
17170
4114
565344554
23376
16684
5509
111834078
506918199
959737601
175694835
12057
669336040
640829916
289952620
4677
18389
603961724
19277
14668
96619209
403325058
730778395
1361
60649136
414543611
20055
306881069
636498385
267257862
734174964
11147
788234374
4383
955930114
3620
107208217
38509185
595037628
836343486
741907607
13618
106993324
17643
291859492
503624316
176136934
8607
86275241
551458594
2805
802796515
28113
999769251
75437552
850790138
816139848
1686
17685
266558495
2932
366549624
26276
342739120
980235090
614070184
8502907
626752913
651426607
706887980
628987117
578279216
18249
933831780
633538718
109904856
712696994
782042563
418867773
704937767
178296232
639405063
16055
8998
26445
185364563
689507421
19118
268102876
17435
645333354
234835349
13769
396492614
755782883
16993
272301128
5528
201487546
839979825
7218
4833
115992173
3896
626815278
244422485
351988872
247664385
19496
50532385
26372
800994031
919464172
6421
805796718
16582
911410173
778340779
18416296
346214558
19392
45678774
844039411
853506843
9585
11751
13007
235136019
301900475
850830453
221375224
102027805
608015280
785661140
528585189
653329623
14658
77996057
575884312
686824559
237664672
11847
9244
7762
10437
11959
311808022
13813
9652
11862
720859960
10740
3443
258486778
28448
741168008
253052369
26526
16818880
654385528
757403810
151770898
971671941
24135
8075
482413193
941602487
934849296
293270760
236166198
82311800
587281191
324994588
948382159
25449
168598114
27530
244748221
2666
985510636
734952706
17308
832930482
339117867
359525807
789921197
324349126
10209
51993778
252669127
924190166
355397775
368194636
2510430
786935749
113863007
981131764
25437
14478
190670518
197514889
713135762
768851376
2812
881453229
707519008
987554861
16701
578362669
6591
20501
23936
248920600
2217
946623465
31230723
381704978
18677
464871131
12150
789786742
500017605
725406387
26388738
285241540
23413
193388664
701341004
386788075
21436
27603
503130685
22907
13957
573520387
8218
16203
41198331
692379593
17500
70079055
29483
11584
5767
198202640
47872488
22670
7281
604362855
9215
16473
261014537
178088595
4547
30504997
472649057
270679017
98660833
19709472
290156086
7690
498540844
429632967
173149158
13906
3496
796085294
13357
13890
708975928
159132734
527113631
22555
780813164
344234254
333493944
20459
6076
166605595
338948927
7076
94863420
617644331
903758404
721936183
298616487
3160
619848725
442645283
59016561
961007070
771871320
198955990
201859320
993860598
7775
980051108
741557724
592170535
521156165
114816138
852241494
17847
344117742
236413871
850125891
86741708
231671530
8485
1993
94555911
499018958
4445
232010021
757136137
7673
337142925
603752331
871829561
20940000
22132207
931306748
267395940
231962272
5453
27946
3138
635817580
375058342
167572446
476776058
113458414
161938185
624240640
14967
507619929
933161056
204234198
6348
74318559
9630
12823
697122506
6595
1946
20023
13881080
208176589
40478240
761091411
552652039
11227
506407706
45258931
741554913
498875166
105593049
21460
533229772
818293014
7068
948264330
19089
287135608
606707734
210991770
255963172
927999593
285228583
22812
403032814
2105
815260960
315225644
147851513
650870185
16313
260602013
855199400
943256444
966221672
106964534
687364621
5616
935168630
628185136
274581535
20717
740678445
494050780
547653414
24953
6873
7824
1027
29334
17823
173520995
10207842
8943
456261069
40589729
404547037
29232
16505
4428
2696
479937694
829947617
606995923
687059253
597013857
315516496
244576539
597903828
961588668
154112070
279123517
332185968
960159172
697930215
216046996
14970
687764920
249218347
23036
8284
145303558
40142344
23444
700681848
1427
10172
183292740
10477
993300400
700156003
744112801
15207
1752
5414
983451364
621527621
70283244
18808
843112461
12758
950173079
636808199
18603
954616982
59757546
1052
971821504
131476827
166328617
1104
3516
560898324
12983
392685301
445201364
8167
78726034
160057501
186508127
482356364
22218
392780048
22867652
93781236
23244
406182429
917617851
29572
213367154
977538099
148146210
350661554
332036669
436748809
20463
371607001
738338565
494672256
6813
11061
826357116
23006
2982
26464
22979
29090
79169920
915547198
225795014
12705
156811989
4540
761284480
4429
253861932
952940723
2073
175226953
1995
104707784
589038118
348329135
29236
26373
8128
7744
290229987
830636463
981248603
20398
739246948
15812326
274588336
14211026
660187548
27563
82142423
302353345
103411900
75518232
667570715
272246364
754888024
709627030
15039
527999116
496348848
2062
1773
891893461
3450
740723170
973921912
1828
240383183
4126
975061992
29602
23206
952824842
25612
6259
620718432
2260535
841557163
10277
37778067
15412
415534884
6440
170116344
11932
21857
768722459
17897
684210689
621457272
77735371
8902
846027552
15133
9475
960838830
668753773
11160
866383011
337185424
12398
962694777
791106501
59885830
657925986
729416385
701846581
7142
873766418
285660482
117032754
801734025
14779
949024106
261535477
2056
337033374
10466
31197844
14250
994701297
29566
129544887
12203496
424179742
24178
11488
1580
235738332
300777544
689118775
34781093
185167214
19345
10256
938006221
854108088
543500466
193873315
394647759
286691027
922776815
8819
833662903
55799308
308203182
2706828
29141
773273359
123045665
18465
20187
24824
8258
10823
983080934
20712
249245020
598108619
534885236
705580475
57447875
20154
361412210
313842434
54984086
2301
22241
409227898
469170983
541829282
9301
5421
611125353
766353224
2447
28843
150153538
539368502
933598048
73297076
572168711
499467527
5385
4308
74256316
298796983
964612406
12238
399763022
28317
7941
5626
756577824
8353
775230698
747233750
49652018
555085019
10099
712215078
519665489
741561776
362962538
29394
19834
616712532
13915
10918
374837870
802437917
5023
792510007
291497050
917851308
697171174
24876
885337126
13949
1606
568890151
377988935
22710
9937
670866239
763622607
990305440
642027101
9678
829420378
322276664
332459237
6520
901094312
885887864
415878809
466609428
600843044
774352322
543313913
386653135
25873
174635523
29493405
998607590
298648513
94321996
756287528
838609119
597144445
962141
237304597
8005
926839819
894926216
7907
29214
769620384
149240503
857787137
421423318
336719482
425553865
1964
128595317
667887410
9602
902509907
264903319
2174
14775
134496405
13988
525622381
26747
901383381
18488
541103232
377369577
388429303
16364
6056
281950404
29126
636226192
314721185
764763208
18563
24835
20106
334160957
76277310
276715618
761501564
763331778
242448305
406581273
24364
575349007
199831249
16009
499382038
698589282
18431
1185
192202399
27857
23432
978576829
18242
14996
12279
955910718
1463
286147744
762991526
723213268
526978710
20561
24673116
328495442
98916029
122427214
628529038
17692
677289408
472517878
580517206
794507093
17279
8472
23914
766611361
28513
12762
747542531
598507704
745647758
5599
12106
484194609
31551891
4957
548429941
325313625
146560679
596090484
321858451
884949291
47959267
331998739
187226169
551571612
771396788
20017
3738
175958028
11109
57350436
569407410
29453
2952
792472428
695139475
27919020
529830626
332935283
155214695
225753355
930150647
681809750
251335490
412215234
696618073
768492626
27564
9234
74229066
21134
313788264
22013
405658550
753522209
166206608
29304
25413
26249
22977
507654350
389930567
498981241
19033
134531542
27835
5943
7474
412322210
11568
7779
8460
496872281
192334380
325464740
291783067
568396479
944435899
10562
797789246
879720634
14451
287594874
29340
26322
498440826
26193
26404
353287080
714140920
31971498
372804262
364150114
53693142
771108967
810791379
250173203
148164572
26626
46510677
65365345
973061565
561004019
314600846
12022
252142960
969428814
566258902
20080
25342
188638014
882984853
946274584
24545
1078
17869
337094060
23421
819329302
21499
7317
784998970
736959347
90166613
8153
922642893
458430427
552615612
831093981
24067
3709
18401
10241
11911
92972017
3138
544975817
603357181
24382
20619
122294441
9474
21829599
375759565
434490866
992396905
806720792
29778
22781
6942
683361844
928718027
587863279
58218751
14631
120388860
773302180
24480
22600
25123
843330197
24991
122441462
105026660
690652720
88684598
916388017
304459744
182074252
14717
729003991
305123031
5205
429912855
5370
29191
1030
510961832
164877738
789084025
1428
116289637
445552316
14148
303080532
318742854
947677701
14810
178790667
15242
288357002
946271290
246725491
32806091
247599769
612198304
463664508
820961724
231015623
977356389
34642159
126431111
418795703
602837673
565060836
916644469
121157446
959530496
26121
231924108
26777
274846408
288471062
545318908
510670892
5730
541992184
374826074
388676953
124509701
329155225
296512913
656585115
21958
531825712
682352395
375375020
21240
695524777
237764766
86115287
25107
809438220
21056
172488840
551555088
727325915
913512508
472899894
867026410
4378
4472
62032042
14905
25834
218935179
2003953
29785
974404041
24413
14077
21327
617601362
22637
236283286
971463504
723173419
573500647
608653066
885138458
10663
745599508
770850157
194725548
116990071
28219
923836339
744905395
757002926
17840
914360302
167916291
24294
266140908
21710
19617
79660117
747844017
46467356
309028809
20763
821498227
414749757
362056589
8355
2145
4630
963723039
305629131
16568
745609497
20171
352169783
757427566
629470469
25776
686873409
10250
91474402
809566596
777377755
4766
4242
1611
216224477
15117
268394946
288690300
26098
17611
276422209
32666862
120365658
17849
490134246
445568141
137594852
213004948
649329616
629181776
769530652
8883
131235835
451682172
826797047
21902
192767992
677882877
7571
867448333
683670518
14468
23525
659329951
657413762
424772216
737040029
13493
846325401
14809
795162329
804073591
25041
349693749
329485205
21041
293157413
19489
26613
6840
649169450
840844640
7442
14939
311438546
858878000
26912
311193199
464356780
764299412
24651
150203540
17113
594713452
999843156
457932608
197909511
111058785
22079
986115660
12706
27691
14863
879048536
21822
368243124
13555
20024
939308931
124728740
676896847
288408768
20147
816085575
255088585
805815169
61397832
28057
27749
570733034
1088
11562548
26355
14286
6685
635123015
19580
5478
26429
517786831
17854
4766
6972466
391824469
232894014
21551
28938
436326479
7945
292456446
179118378
624244285
18599
710476690
563553233
19588
29074
384761013
439946747
469097994
12890
261030643
178750057
976120920
290973874
6024
180029039
392267540
807337792
945631897
313556541
953706461
17453
940297321
25580552
16510
884606913
876704166
17560
239432262
713184710
93575810
24940
18330306
13029
236728042
27418
21029
22829
73756218
984378456
119401201
869190291
353449570
27570
960096397
15657
786330335
249585625
22857
378896580
520876619
440892226
260335782
761921463
8123
15090
165883211
10542774
12438
507512411
28979
58899734
861897300
884064967
267024483
65781937
119619189
225184802
785519870
622318693
15921
263048997
360482289
100053433
909036051
667981116
8600
3671
666930445
185536637
671729318
330707344
20629
175096
678498296
1676
712225494
476635423
552227381
992087438
17214
4997
126328819
542891233
438251365
19471
594130431
312092684
650375567
26848
313813117
16561
545841005
101669855
2567893
812693947
708851365
3038
434007684
976067627
421462242
485701882
367654423
7064
294799355
226755931
1564
257350230
29782
285507725
965008621
541906879
10332
8547
26257570
380585692
661310948
2092708
18362
806712928
21314268
390917946
641146946
234003657
923402798
879006181
201629522
706810285
65321421
316835500
17441
14982
12525
566809031
3790
26767
22131
519560485
23529
937109882
135656882
147936509
470422992
337060250
2382
895409924
308422208
9023
21252316
808158152
597050184
13347
180164571
9950
21064
475459801
21018
7016
401678104
834709279
977758259
690368093
499796108
290821620
345838136
29673
8644
577711650
3468
854639117
344509049
9135
75167777
16736
448994139
203692047
399116479
28879
971422283
952761440
15704
823493238
14287
16606
790478332
635735818
5125
995227624
21104
845266538
29226
626366119
517973568
37439552
916624141
514793138
29735
980590311
962163259
21199
349626626
101591891
904592795
813665277
650499373
645645904
901890158
143062506
349483282
306353456
16706
8910
500641818
7231
390186619
24383
677006259
17352
23087
541285925
4910
527599143
766468565
33612916
343688407
20389
839526088
841414576
800697565
16820
61913387
593806170
3384
170941687
554403617
339807874
551492758
190465530
149728326
687817730
137214325
639691550
397585720
332814657
933501997
585082202
22352
737023206
825384186
282992440
344683256
991610691
21465
75632777
676342624
646866742
515742975
334835681
7061
182055247
25149
9051164
4514
406192500
17197
6599
585121009
21161
492284955
117149784
29735
952113564
17151
3544
21950
9024
60012003
592905876
13071
3543
948010971
323040650
273844247
192596819
12219
20379
16850
10437
513935521
71648150
9027
967575045
715309291
730906427
9036
8105
935538152
12657
983932423
457332791
751878574
18984
460963661
288926085
358479246
833584542
900791809
684617060
350790912
950941227
696022815
462816657
970127865
826882496
105529077
37587071
16096
19097
279602245
10395
122865459
776411971
838807665
426354981
699912023
503432789
18519
937489072
355021843
183573659
24789
453268510
837665723
18492
3103
20954
31331460
345242143
437618809
27898
529348323
18853
841552383
429743721
508315496
10679
5062
440308239
828759276
594801891
347537320
9083322
22445
395021282
906997545
291164623
28211919
101050745
786685204
292447307
182308269
6223
361103629
174096629
298090189
14550
24746
352986200
548625757
20006
117336907
29427
20905
1656
13334
167081447
375615254
991884884
622102362
816661363
121925014
13074
10266407
46964268
993390853
414162533
354541255
894763740
195882658
566661368
163699281
28451
995549693
478603824
4994
12838057
620486383
281801051
208577778
21355
314598775
663708433
20546
15672
29204031
3707
619554748
150724638
14987
17065
803510902
943513044
24469
3368
701105915
275369608
25388
235384336
350615101
156077225
909054797
865491566
596837146
190484573
411541353
20074
730060749
778262481
25574
27717
835516946
54671250
633728987
550566308
15379
2467
427112380
834888464
10514
453811815
724052062
502718820
618460874
392416160
912360418
20746
17991
21440
26316
968513930
6644
16672556
7300
410351760
28014
13610
22188
915209581
362438926
449938214
614369260
559167212
16451
97224629
542204035
25708404
566528335
13422
742914617
936605397
141452481
569663928
26619
27452
100669620
428113852
13349
23440
676644994
423578471
277694839
8780
15410
789616100
11465
595868574
492688368
890901320
13997
15294
23912
228953142
19030
670722527
84113181
441924684
273243593
736633532
909992884
19214
212880603
27022
12862
764143967
23483
211793331
20977
400226724
421988217
352518150
23976
892895588
4849
7054
640465722
999532847
18695
65923832
867342761
291031666
656647878
325103701
46280652
610163316
4822
166194173
463074824
950151780
564785231
872659319
13895
600445483
820813108
600815550
879832496
28030
976611100
895496784
213489769
368999033
1497321
11269
751878455
23843
27014
640252671
28577
997913184
990037812
649625249
454482896
647763503
970051336
16825
8893
756116379
439465409
22831
25618
483881304
583165366
850885907
97564686
887924458
510964576
17732
530572781
10213
791397846
28642
642670051
3951
718143210
122731013
10926
530303074
102355554
409702629
25240
26415
23167
213511606
656495180
14457
4508
3894
694560769
14650
755865134
25346
934144957
2761
431445396
488681923
5240
9269
14236
197743626
131352417
929295065
607643964
20587
90988777
23698
167501225
28489
619799043
9073
888586504
52470243
479623302
7432
998500994
57133280
812693427
320103494
14888
97177517
717973855
10718
2861
673962627
936298084
154631684
24583
27038
23238
1595
15769
8984
802388168
250088930
619224046
853254027
20727
424710172
390284272
14878
8744203
111983520
180944832
14715290
28313
24749
408777387
623288113
72489168
543051566
1858
28313
339295142
418377217
26737
4133
607440449
69024135
189481756
6492585
550214382
16578
3503
11790
15245
559458456
775624160
758180433
129210450
103531324
14043
611639357
775655822
34397301
200238705
21653
552001802
566770662
917823898
22280
12388563
14077
152014939
784178763
20433
22765
530800817
108035909
12449
238701102
686698483
2263
798045561
319677636
14003
486416106
873266026
2015
11263
284143815
567751700
4246210
5359
2609
540874599
13976
57630551
287194130
754157171
698821449
7559
640699800
579766093
236709208
347656637
19836258
6554814
10555
885807021
114565458
378188456
12560
220260125
97400688
1141
24318
159667847
15003
10151
1787243
330658962
112446767
478914243
294210777
25328
858496144
554436625
9501
253027488
22470
933125870
10196
122074659
10807
77265105
808005435
115356130
553301164
23179
172888377
21717
18622
311293703
612447678
372714958
605237666
6358
537093871
28407
25986
607286481
672644652
14211
767249326
219936121
94091842
230700320
777506132
15071
951061611
498743230
22425186
11304
880140561
11836
692827150
26407
12629
575353469
105808890
8238
274932517
12939
247184201
635960126
43240058
23067947
457282511
971591756
5725
999341023
27116
192066540
29344
101981320
92672585
524084446
711817144
328258387
46406969
425344778
10843
592404041
874520256
26829
28995
851224246
189888710
736514681
12263
1371
226301761
13043
586300485
9282
519270107
625590744
631438517
191625885
497610165
585904016
919273334
131351593
9825
34385734
103905514
898720732
501919798
267905825
240403129
899895580
260612513
134810568
11001
272841037
17652
302102356
966051965
143745948
836093397
9850
578983616
726728658
84119067
911336136
165302929
75518272
203120048
431166348
15261
112765686
28995
509247448
37594798
505037138
70447336
295103754
1525
754151596
973937646
7594
982640961
911580880
984173831
644835936
4658
22608
24130
9990
439562734
18816
359002856
22423
21217
11041
128878416
24486959
823124731
22761
23498
512155747
16699
800973331
159161160
25700
809084335
10253
26943
502327149
913805218
868506136
76356968
5225
617540664
432050781
770483466
305162243
6454
5104
4232
4224
192347927
28304
13905
846012281
16179559
18150
232483939
23332
827746281
23564
9986
180317362
160026995
555679230
909710227
3146
145137357
978939698
75416450
806960213
912392611
111730671
852381356
9994
12273
549225944
26921
418500952
850804581
8004
2164
184781821
14988
525395265
1477
315601491
26586
77294398
460314802
336911167
168999403
25459
12210
834526432
895752148
413180862
220506998
110971703
44765784
364524431
18009
806040350
508419655
875574215
12275
204470858
219915789
99052155
384121123
967452054
397173319
109332258
18042
360582685
2979838
865197379
13517
5770
196450056
252635584
938060451
685770515
27394
506109045
999735939
851568920
352763109
624605875
12857
356252221
769225536
177171123
26306
206205064
122815113
984507861
148621611
424500507
887687192
11209
448050468
435720759
495678834
516349616
27349
12933
165019894
857188782
831843438
107852080
450406351
25146
408827290
2041
197310909
851152615
175471234
615686635
876839529
97349770
367656366
291208172
25858
185658028
124090893
25720
6366
16368
7595479
5995
603250243
22298
680195038
805171387
28185
271086759
202486890
465080399
60367550
525049188
28034
238978741
457673068
1212
411977766
637411618
4073
607144079
7407
106704844
22002
25154
4616
6367
781516809
718529887
740796719
15285
3782
24889
53116740
933314772
494422754
975949280
106234095
586784022
14799
651338301
139044041
435342902
8724
817639515
5598
240418707
6426
847853440
900852241
324685783
842079044
567382398
978850724
584207664
323602126
19539
84404693
588306785
18617
7191
417946396
4390
91812210
13405
447953760
548795162
20318
561683329
153814726
965016137
22980
18737
236647034
27901
845998706
837781806
23928
733431971
46054243
534084637
324732540
31921395
26946
66950623
290701900
857990124
24978366
4422
848169872
834371177
7545
702421417
588640705
140860617
871169916
752715654
166573108
933578852
218617325
21154
406871772
8379
579818949
25714
872558479
486398328
462499577
714179497
386198690
835603835
199060607
917426188
644050546
718550979
168878898
16049
938877813
192637993
23037
186297367
58125466
855443627
29808
9669
720171417
545396973
311498833
545239699
148073022
527306383
513650375
716194124
15677
196850267
405881927
349345789
900652203
25876480
615701728
7371
462882413
297359102
141717826
968726458
36986610
436641852
1218
206608754
771075841
25242
677662750
765775152
58038528
9936
710357446
398618766
13539577
566156109
505250880
16055
638816326
50408197
7493
359577563
925202094
554261263
370356233
16502
856013814
29052
310284742
246180504
619154860
343285851
864579929
950738360
122307960
19943
331427953
20245
20324
965360190
201887711
5299864
602395917
721260861
26399
276142454
15820433
317601263
478074489
114460890
230285502
321700048
784242979
753754113
19480
296704643
191166811
452723842
520217961
18460
404977653
5837
578531072
28491
20748
21786
272975046
1708
19191
7062
859859747
378529753
25967
662467714
873098438
9054
400267282
313632542
11068
35003135
77672557
425954970
409553431
199708966
741124075
66287553
430327521
669555944
807792072
742217427
203669425
617880056
18943
27397
108113901
701184586
458511385
9143
7394
262099000
8713
310143406
3019
23278
300786431
23691
5927
25675
27094
584277960
592276318
21696
41503498
28204
515233905
143331769
775263121
400435209
969233547
160274244
617061505
824334239
178103429
950048176
29931
366219561
495212884
14008
85301419
695698419
17661
506938717
960420003
650894006
950251598
919455203
1064
650604274
563144067
602125939
583251108
197466704
28474
684114272
13574
14713
99295040
13994
836273049
9333
142369651
63481858
824275021
364041249
991556524
474580389
690888362
124024846
483725464
2156
528093841
908000776
111861499
163207425
17632
27214
544128020
109425839
19107
22056
919781073
127169370
117763255
289210991
12538
942756584
403153044
230010952
174388711
970236638
27732
18602
429894306
12335
3018
728172548
62942809
21931
2075
681186879
871332011
23438
3405
200279783
8505
16797
3078
17703
1915
910631515
91107285
321788201
28950
14844
934990519
230326802
788162307
7072
524976412
13139
416720
716092572
3078
28798
387002105
639495380
229723778
482961326
548718232
676284772
244924473
28564
974453572
819879983
26972
16930
7448016
288117064
9840
839421532
6105
13072
7362
20762
160590233
19128
499615660
704849063
21536
387682123
955297627
9432960
448658717
6434
493004497
170142162
21146
21919
5952
667124520
425286644
5471
19910
242243985
2140
10407
310974967
153663499
244384107
11178
12790
413016550
407579732
671759913
144679098
23006364
714906186
911054333
9417
276959686
250691525
836503129
553217491
180068155
810227640
745769317
445920138
13079
855372897
508404611
1429
17917
291492464
13964
15853
744969989
315774172
41653764
693142614
386376545
1142
13738
911296391
937850559
940922412
4366
401688739
58565331
12158
88781862
726150233
4794
26102
60242985
376481852
13013
22061
913710333
728586043
23866
683939129
11222
773981616
25634
29301
801091701
902461457
657086703
629215794
857510399
14709
190669765
294954067
16304
68773317
370430036
669241516
10085
663945522
436986052
680859528
451133481
155189446
60817183
659682704
24312
1543
7979
384180880
366176543
3782
6142
899449617
7821
6120
6965829
3190
25860
28668
773863097
731972106
908838879
827694965
93900829
22049
530636006
13895
4307
523809619
679843231
5048
452011902
10041
442635859
12850
973814479
328127864
22569
864583009
29865
552497795
17339
470044686
18699
490723898
803248816
34534440
1852
15627
21070
706255351
470883818
329603131
284365940
20555
240460901
279404802
2039
359932433
26032
526875272
892015400
14973
9547
301722875
921331569
847027349
16522
85266996
260372020
16240
3379
28981
5689161
18072
868293494
869737627
689811380
20988
65128365
822747493
5017499
29961
156531073
10336
139043070
523689089
433181055
19293
764768949
79632014
591142773
17397
600441087
913010947
305943712
901282848
297556977
855757782
450756223
944729325
29390
23983
940015565
81347377
10690
27059
29461
226196540
383394095
322199797
215045621
960251811
17914
10907
232312139
615729239
50053197
908094746
16210
392889452
768447493
774188541
306291147
491857167
118756514
357860758
855546940
494421586
736601024
19153
263733122
445783095
174338965
11895
13851
116870022
226085245
26389
737276819
28025
842879060
15023
47767117
12202
142575929
22144
607263311
29059686
575746784
12940
672350071
157019735
640045055
323699981
922407310
16565
991844001
18434
547215676
289147622
4820
500397791
16488
12768
973328014
14480259
357188544
83082391
23238
197512512
167466079
6512
8467
146919101
478299854
2604
1931
845899081
43731652
7841
273007997
340304233
28292
960337100
921922270
19815
689334652
712200578
24640
332465082
15622
629848439
406096847
231796394
354066168
578115919
833251681
922348023
21468
814406242
639239358
5118
731867533
17264
10581
2297
562398294
918040473
976952342
3371
361553152
1939
458026849
274541437
17660
17327
396128284
2415
356237542
21834
638076500
952156755
698167437
14557
6939
2035
696436187
963276614
227759287
314838597
646888488
559301916
90288568
878608677
26100
251478185
671763382
339812730
9788
28850
588039791
248461307
5588
799394011
2621
25537
243745042
154753897
8026
588144112
7591
47152016
21170107
721822683
97876427
353566692
18152
455610928
733459960
425009370
7321
239040772
12533
412776937
28312
789023229
4650
75656132
12919
326875275
7237
10765
7730
23676
935369894
16706
4480
387431900
529528541
25179
817517873
333288045
6977
23282
516537009
254584265
642803261
346818899
9760
311541794
22289
698978621
826786741
927982132
6583
459116451
192186752
25831
20502
326635029
3146
470120823
20564
454842842
160758776
271448991
929198223
235714597
23958
21681
929897385
382868055
26114
3615
313344868
566065364
9501
534245671
17004
602988164
4905
737312678
935535492
826579458
22192
712078407
87220826
567485873
17218
14595
262880368
971671058
4609192
3203
426940656
5376
737366340
488939441
18153
3848
434719536
850592157
23715
13543
13410
19097
170466220
28345860
10604
741685517
798464592
7939
4576
694605827
526559265
321966806
24923
558833536
9811
2208
80574573
273630363
246551811
837728503
1904043
560937168
674498773
27412
212579808
14384
105804750
960587862
369593573
4189
5146
668384192
721086385
665497780
8614
127551715
561494695
968760737
18662
281861726
840396681
184021414
488253471
739877701
590665520
6551
91360768
610560654
109682551
802696259
23663
145862578
936501450
45813338
5142
29344
703041598
575866740
474981636
6078
120716812
580707411
192691520
893705306
700999566
18060
5172881
284480415
10510
327231847
465326431
24410
609499211
29351
654700935
9637
185249600
19598
3078
217377055
22625
17112
896961904
14596
166282316
11107
10758
4803
36133745
177704778
118058297
958124553
408017866
25238
558822355
2857
735511128
636912716
567005847
8478
21506
27033
689835988
477883599
148215123
57705056
5015
26563
167817918
5938
524565913
7203
15260
16641
932249922
667972765
820527770
18305
677391953
450399640
835275548
19624
925273287
224172948
720407452
918125621
232010021
415185641
615987617
24381
135870029
636946020
689586772
904336990
26327
953014688
25542
20050
12549
847021858
813869494
18929
911042137
939056182
22920
361556754
347861227
510666104
962703798
9929
429137520
349325725
641790163
594611038
17244
227595881
230042241
562658062
511313844
11047645
1559
32244900
14305
12620
418603482
12306
24047
17364
390936139
133101808
511988983
3571
699955665
882038219
613466912
16348310
987529610
198811304
719658487
286872779
224775018
849089145
9032
24779
15325
786684278
65294290
762837346
12887
812368944
669602334
231377344
361715158
90232099
863496968
23971
646881430
2019
258061691
705413850
675736985
20592
383949429
311263721
10332
878552415
6685
884561836
747283575
846136662
25279
974439437
547105372
32861847
20118
6896
19892
269851764
733013738
385974966
927057915
9761
250907355
784885969
924882581
10814
401396210
546920
647019814
354645943
2230
767991949
340543966
1421
17710
16556
692853835
15363973
657361486
11039
190327350
941269036
22427
262978670
989222786
36856690
438534077
14358
719219365
46044580
11114
189893504
847662290
142453937
3748
601117923
996574167
127714305
20030
5332
117216764
20008
428266173
22520
985520089
770195105
341245767
7182
663116885
34077902
18688
690124009
25046
432788383
27885
747681084
469261983
545324105
203436362
2586
718922581
649990800
6012
4180
444178858
895175000
19671
5165
289473734
116335809
126550715
242003570
651898262
9254
19100
253792335
628481913
492841060
16148
644443623
762579461
9391
645553999
303886176
3177
757259798
183772658
668554714
18856
28284
5067
621731034
8029
16904
3078
702023736
421412393
976892804
10654
157908984
406107133
133573070
13060
28004
142996936
959721896
21841
5610534
3509
598485101
6519272
147128439
711369545
16011
712181023
19737
620069897
394237724
11146
620532141
370043050
1707
798316845
10744
988168359
18676
9241
228433024
185952330
1301
887904895
338188969
984677474
890337683
19937
20641
71622727
270534432
8598
523184666
24898
550352099
128551246
128315406
888151205
11296
16696
271204459
73074220
5282
22076
274827403
423692545
851069369
166900064
28150
6005
394754807
432527495
88690892
761436906
480388784
544679548
19326
158499322
478998758
712962704
313004499
738260068
146666759
829435738
282575450
702040358
28727
741562638
19712
12679
20514
653469166
23453
163767384
23710
788107807
510658372
384209872
3687
224133162
52149113
193543389
22783
188285106
3938
527629998
783249705
169428162
24902
104661444
24431
759823524
375337587
386981944
117382656
620736427
674538259
632913829
437475900
45853900
399064734
13476
1488
376468580
30310756
300482519
237510042
477494328
727025398
41448099
14620
7955
8968
15317
8898
11310
643401733
143471658
9819
60932383
4458
493394172
24189
728562785
2319
651952588
481434384
24871
258123372
216167404
14996
22213
352638219
208888634
512501145
847999775
28961
863329493
26961
174168719
988420317
810099182
480000981
237035200
210769876
904999698
299497902
29621
256823962
17857263
42831615
476404329
725503623
378323769
362516809
15875
17517
289402166
163367876
4799
10980
6894338
436189846
932795331
353357573
750774387
644961595
27138
12174
23460
778866674
5060
980856432
18773
25591
11278
659513572
762511702
142430608
998819183
663774476
27807
860801312
255673086
450293555
9974
679682938
13940
146601180
832718404
653380925
816585943
68119209
13043
7720
206602342
102717592
477447230
850942161
2346
275419320
522512615
237871049
797554686
6795
43784465
174299820
18916
379909275
228130550
922752240
374568243
132159710
7940
18861
9816
28224
393804337
108911773
572324546
2380
12366
991813805
348103297
767448439
634288530
24448
5798010
854214873
4896
870477964
221915346
856621781
14731
283290182
721170903
625975129
84777493
946386495
863984897
851520791
228278001
965809170
25554
904216794
24962
26451
6375
5261365
27043
17572
957334876
13923
874165416
164134825
8069
2515
8952
33226648
392892870
989843100
80164312
22862
4893
709122487
759463900
606107401
13540
16311
618161583
19849
19798
23961
72567340
652136548
13693
971539302
717175511
18134
4600631
665361401
379859505
24979
587702494
797073961
27933
927411651
788877105
622801711
623524528
793139385
358493426
869730031
20726
387005447
551217982
23432
805438467
365466590
97740407
995715216
337485919
454795339
877290863
27648
7088
272654651
715069291
29316
14421
10884
762582892
17804
875909774
223248802
757043636
22769
113222410
8749
784015391
349349116
470556617
455765160
11978
569887159
906197144
27520
924718437
979910891
781035350
27923
852288946
11748
7722
19357
365879727
13128
246810907
7153
515344065
16880
20279
79489024
213491484
29752
16570
366879887
76780106
306465564
390983236
11328
970886273
24084
235370861
599546316
852757461
10473
369770112
344733613
131630375
353523968
22856
407682928
29274
366993254
654942806
6727
3446
408769392
670336497
430435815
821681190
423077381
274617088
258785424
67173415
28793
946688817
422716406
639005601
548276990
28998
7330
13038
787708187
520541561
18835
406770699
753006919
713805569
18501
7895
158281725
13428
86694308
238446521
621717560
4122
3989
324482941
12981
4841
660828343
96193412
5672
29576
257803862
588026595
455607100
370554989
251124090
26239
43462142
261606837
19584
403177845
5811
717915817
23259005
897177943
901844455
601888449
24178372
17136
12613
7151055
647283817
681669107
665663257
10617
26948
896263743
450383098
326156083
4094
569784276
60419154
89423999
941262484
29723
180063790
4987
27979
354392619
27679
276296715
140351528
131035834
26708
112797254
582152163
136193833
219797468
12242
809469739
644714786
545792579
673691339
885380100
722813092
18018
545624537
25325
587184960
858082198
565680267
6136
11286
956697242
12907
24199
30917325
259830538
907448336
721113339
909087149
95637505
6206767
4807
707807487
475583923
12939
275628719
20476
15204
18705
834838289
11550
207133291
39127814
470053988
639815975
2426
85479674
2249
236568194
138929801
156527996
397220250
722725502
659908327
11196
13950
8270
25206
147553112
745862342
25503
79589197
273560613
593419815
989990037
636871626
26326
801540637
28537
23645
208224556
865235083
266056944
9104
215882527
115420900
213581640
322929661
206701836
783341764
24953
573749168
232936102
842209187
526347495
9829
25054
28804
661202224
271927179
489998122
97785036
7439
22916
533385257
642715399
697545095
27323
127118802
605276955
21704
561356898
23309
144328892
978783019
877564999
164398690
287546548
656473279
13532
774088088
834302671
2848
559467470
828443096
22795
3029
573688021
646649427
6611141
10427
652304576
15989
594608985
956569628
741853475
824243155
100208599
106990460
966938595
1885
68846292
774330166
11943678
689647482
29772
533169775
376281324
12809
982492514
2232
249788955
12474
552670097
892543618
9359
156456608
139437410
18181
344946084
156452923
3260
500773991
891018999
12833
5131
952932811
760058269
14274
26746
304209139
66609029
723873890
476169919
5105
10224
250649400
822897198
740681164
535351246
153022378
595543957
148234704
12964
525324656
595558982
22990
553339734
639379934
271844062
2240
69853554
908027214
217778751
295813027
126631000
710585928
129109832
480389111
8518
127034972
996514765
875942400
157613855
7083
796947006
527357725
580514769
810315169
25866
936565297
118904879
877799697
20740
434797922
845063830
275902519
257961986
688951626
414359885
187368069
523588307
851261108
446896149
539237299
27475
84425235
28171
12328
666033188
60195045
24266
14058
5448179
244071987
75040680
6208
11025
182284037
21176
150377365
504428088
18045
329285051
813909197
27279
6504
664533449
38412424
39225853
80039033
40361491
950491639
203640573
11692
981642300
604630113
764272822
539202904
692899656
373616523
14024
8429
470847321
207139301
770585256
606449366
20292
834993821
20351
416187846
64730233
560490608
29803
75528788
637855858
283130702
26682
679850119
352301334
388889642
3688
692364418
19665
212508693
161437691
955335268
29364
207714839
613492206
222510056
754106544
95406970
124839567
14387
733250345
999665409
14772
534184437
5581
8725
477454489
294391288
6193
205405506
619741611
918476761
543829176
471876582
853028634
739099516
69428560
18360
11953
466458707
502658413
475840248
160625602
11019
2384
29278
120525815
7944
2019
331214048
423307115
27099
11825
317250830
123977751
4980
316906134
290278704
4302
485096625
701029161
963578043
5163
84123691
24808
4661
21965140
11010
14474
95750280
187669933
53277536
665811042
11271
841950904
256053221
471522778
405159013
902498250
250154431
224002881
929930272
552402023
771292858
12886
10202
15319
20679
759589240
16395
8771
167222480
498708511
922547104
20913
934975169
434476733
693542404
825371094
936924336
629354168
20094
82884479
25767
25521
854700079
156906652
939086368
255702824
80806707
19888
574930089
276973734
978342664
23206
1950
419519515
559265243
6050
217938050
910679014
2585999
3463
198864356
143731416
596581862
611995323
28361
399205740
259505072
248830992
349013780
279711327
782759882
88662977
669300938
11327
2568
655176935
13691
69595891
16254
480331633
9226
339072878
28382
26741
1433
462072764
8278
930092511
6212
614307795
4528
858478627
321035851
128577131
247580975
850025054
157539740
769139746
76296804
554190382
105429191
8565
381434256
687900430
19566
3767
444340234
479429432
2703
13902
107488884
995384698
656537283
586641020
325401581
618975453
436923423
500159237
13325
803005188
803964703
955442162
652379339
767242113
889645994
11944
214733550
711551774
359510191
27139
9331
959907564
255320180
7631
224840824
394673718
345476624
22732
373556519
13894
668376978
8122
532717038
46149502
12756
928893197
1907
633689120
927837510
393413505
963658100
597291699
281686544
286005212
945997488
771000674
724149294
783017487
23069
803661013
27493
202089840
560124729
312464207
172026664
7501
8399
5702
172517682
425215466
706488915
207548000
430664335
14298692
13042
6248
1295
159662314
835655316
437482138
841438814
229850423
303273389
274810077
979451461
18423
967758274
5966
692883073
387868963
759325518
99864185
772565749
637630893
632835011
760973693
581454022
961868961
21304
387903253
22832
808173581
26622
563362721
27937
29607
18690
2755
26643
674413305
29891
3883
829907481
351061066
140992250
13526
22336
698318879
695509080
866121819
778054000
853623170
14297
8442
1573
83308258
22028842
3940
125336236
16285158
29145
246674376
215756135
49342863
20676
237840104
593383688
544682651
522106367
623379221
474706815
20006
31028483
818852146
703670300
935510020
888643195
10959
2707
89208793
297532375
506480201
13359
96246356
29083
14981
767221385
138202909
146914844
14010
395660529
195739269
7511
5434
29838
419476970
694005299
65251620
577133956
98679434
696923833
50043510
476321328
743539127
29368
27188366
19301
11426
830156565
161611643
24457
119147245
975079795
465818302
24606
79659724
21141
8690180
820282001
687927370
28214
21868
406030726
3911
165440717
685367299
136135517
576978372
5541
872665683
8633
3814
5549
29423
716945797
23129
850817884
10567
777148344
23941
196229079
496877878
484307218
459077113
700113356
255549577
602539266
14234
737756111
391805810
968607618
254717752
177269629
162481860
22453
981679423
26791
323618681
931913716
938805078
211832580
432193677
14788
152777379
2350
8926
21733
22816
27555
381504
49507323
28670
116180023
10217
6311
2422
947010425
715265988
881718485
948872981
29699
14764
24197
960642784
887578069
191476514
88461741
8309
615938348
5589
211157420
187704116
5743
608390162
817687764
170468558
78189719
632831100
17179
663989948
22612
14431
645546322
970997638
9650
2893
524740336
285344208
48384263
144084324
9212772
355088020
9873
527966776
538224077
829131772
23269
467128250
482714587
23292
756171
312429486
332262618
355308220
27476
353530757
21860
437131316
328683741
337564028
9701
475800034
350164394
7158
808635388
901145503
513200557
637518736
20292
302711968
757713503
980926888
26748
16286
22096
6084
3151319
961069176
612512195
410159929
20681
16359
842443196
529157447
884346178
151234357
3539
97687916
975383990
1159
567412487
11570
250563750
408728031
9051
971532508
8925
49216925
402688165
668608487
892289956
19104
7030
748978995
673646326
733673654
374751611
555584703
13619
216508921
552474956
20615455
334840204
45676016
432407769
15113
13283301
277182563
513133431
177284259
4792
146622187
567634585
297380118
16625
405748435
460560783
254056048
567781144
21899
117979005
373849828
222382010
16183
300822883
869627958
1203
783227023
43482657
945170532
226524162
79972818
75667784
21513
205107360
58239772
299969346
277528799
974135719
954333334
724071724
26730
18088
19485
627076262
20070
20896
6636
5927
2031
494238324
625316555
676446705
365058286
164321827
24969
25063
224719774
815110344
27587
5643
850354249
307518208
350071694
75273739
687515155
867866503
2624
14339
308786722
18152
177681990
4604
29129
1848
197066376
431720367
7311
12537
15894
147230604
733952032
983079376
161897546
393416012
13652
651910367
696457069
765299086
24806
3656
897641323
717766527
14725
9874
14595
947701815
230202824
3668
795817935
72329898
8905
953971210
28495
6009
21401
20861
372330971
35575930
773931506
180984074
417683611
2727
14894
16236
6373910
94079158
26067
3729
26168
1152
25708
24511
24482
519458731
895228041
783105587
7588
888070550
214004470
21180
942027917
16309
1716
802454810
21041
402123588
6626
27011
638071290
282432345
81929390
956841240
558354101
923283611
807558254
5084
573036484
93694315
212540721
551749918
12665
576070212
264443027
956111061
18877
788436193
559215861
199762928
22283
21774
345476406
27477
824806698
366604746
99361151
20635
286765176
254784591
920110898
910178492
200300284
2426
55209390
743390406
650492504
142246587
609183268
833080298
17377
1605097
220682927
865992424
596590811
22956
234542538
8773
639260666
91244154
27701
22522
187704881
936931868
9547
669677467
289306376
76258863
18716
14472207
372766896
5941
14578
9742
49559402
10667
15862
571353182
567862003
690207310
7785
944408805
18340
38502859
720268379
4572335
26054
176227701
712366051
129337951
5216
985439215
32126880
6151
171131522
177984362
639494589
17791
175488609
5398
29715
419744998
28007
122696316
944636200
988766706
364855938
266275371
163336249
190736065
733808280
750151610
206947142
22864
34619273
990495838
9245
103499727
251023815
1474
141260324
567560151
150894507
814894005
12740940
28760
512615598
974872390
430105223
15372
25519
26099
777519269
23318
46973754
325847746
657580049
9978
13064
19697
25977343
783045785
27630975
501325706
660702018
178322534
703735429
9106
904918392
28456
575358795
29158
867618854
19640
595997012
56016984
906826777
23481
20975
1153
7541
6036
475064009
293663819
180315168
681567690
333968564
943724923
5553
593338006
15596
17032647
163012219
6301
94916066
733989347
27501
19345830
19727
275244294
5635
11245
855519192
21981
941527491
282346653
7207
883912994
310638888
251179011
983266206
16551
10436
73874455
737435300
314580411
932278673
218361856
522673757
304958590
126696220
558618388
124749833
612235701
20550
429236951
8798
211558779
389790895
13198
162320068
588493968
153086472
648499274
811315080
780635378
384441461
181105129
622365325
190113273
599844065
333209001
27114
14459
331325967
751707002
1586
289393102
155467522
769472511
6458
21671
956828359
405422853
538832084
811529448
8559
359991977
268979684
280604379
4185
571855966
523251693
563813751
453570613
14126
382828728
298879736
12021
984935455
836716134
728143850
840106830
483356282
652391863
75491585
521243887
952842241
816379224
964147153
2603
475025388
82035465
776443368
165811772
748276904
252895420
12789
27495527
745238402
337032495
832116666
120625923
489634173
869477767
533791012
15472
280258914
125331287
24154
7509
624438776
434817242
23937
343814004
417327712
965831055
16006
2106
1586966
25053
566381459
681568002
10063
855664824
424211979
139881661
332312926
94716263
480697529
1495
596038332
202809814
900417244
1680
817911038
10597
541111988
7502
727333830
17293
686106795
834956933
400259280
461272655
458841628
98939689
634697206
5740
327935472
5174
149916529
198568539
46717438
635318416
159022889
576988821
386489543
54271709
258811371
814340654
511232637
24525
318557136
495658512
245346367
808397317
255231039
90801024
834565261
6765
21046
150545671
86577737
18271
787334437
19328
644467434
590291603
23905
355063450
4529
937983776
3295
1513
29617
4402133
461557516
20038
708409864
8943
842787284
314637962
54711948
824692840
3160
906649147
960261487
27651
759297261
734310482
96452679
20211
284815123
893921111
28784
782204162
357331213
698098118
16432
25239
428143794
4559
117177819
19155
5357
4868
21048
19032
691748563
926713312
18927
452075505
470861172
393482874
69442910
4539
11613
451466906
257963466
585149756
10207
818320283
6940
12735
28209
586427149
807102147
322799766
966343613
838869744
822270519
123048569
829851786
540123237
28197
28197
3264
447011731
26527
180193283
26291
886492158
237588280
27276
177338579
44732883
140510567
738528546
3605
978009958
748058508
1181
29564
904982239
11141
289175109
5307
522007837
7778
27378
372317863
66546486
929699603
12932
400411129
210847310
787784948
993375336
169563772
146887746
163630572
734922376
499107229
8967
925672021
831943720
18525
165077520
23348
285687947
907207346
322646352
431529991
70823664
571158791
256901147
8589
15130
50665135
660193615
369787530
19340
135368629
25811
477107108
479504160
180253252
6600
703624382
338643709
7122
16029
29055
153114331
15864
586171445
755729844
567103428
10408
290109892
425795261
27651296
6951
5230
363930487
214658657
57925191
20578
719812311
717403151
27756
27455
561279645
415823894
865949226
85119037
28588
186921829
452418333
221003824
18873350
881827486
975059069
354818839
505583925
362307481
783161546
22033
19482730
44448270
349462996
144731899
9804
829974289
104124941
275749640
771839468
206239711
239577971
670301197
172234119
29839
613582655
312025123
901326579
20094
23104
180816291
531505887
113408562
138124389
25793
979057537
522203532
712733237
637555205
20317
15755
618241010
19456
44991124
271563510
25661
410253527
10532
686340004
17179
254238267
6823
672448208
568816718
573119328
988308149
757539742
23398
14984
749118309
90645557
368018994
6980
534293502
16692
21267629
26747
167902251
489746941
120216932
284561269
533490873
261432636
124715043
33560112
72302449
12410
983394002
26216
61387568
11980
453977431
27649
24597
431740586
621152634
368856753
199534192
517339726
789299714
25609
15615
913819277
7843
4403
27235
28976
148341295
5893
204883789
4015
259903504
336068854
435668564
117422588
6253190
24667
11680
766730268
504162715
144858833
5024
752194085
151606638
21628
1170
406527026
44214515
210818535
890719819
527673135
902338529
19568
102286375
17888
6814
905982114
794852512
57715509
399754214
14032
163772509
18264159
28196
47867636
759959949
768671415
209975851
641100579
934585964
150587465
23103
357745337
963495250
467881722
8743
1617
797717592
25360
9442
89581360
748914194
412064428
18316
2037
10809
23574
959184370
1702
166795101
182553923
926804020
299177516
27371
24896
15758
24531
794129262
11210
211785604
23861
110619881
788413376
2470
18609
511169703
676359724
6209
11690355
719961361
642009659
259796900
777001237
29598
831963503
119012894
7478
494254754
598027693
14891
437913455
646213717
283235989
1913
981985169
499132000
924513222
9918
3326
10786060
279999250
25387
164478282
22518
378277448
940503162
20797
58972384
864253302
485184792
23905
440591772
819549394
985918143
513500734
82766251
23065
29074
12211
992995348
502280575
25758
28315
6240
90220205
147948537
278659265
788168460
13678
361603265
25397175
23784
27227
6757
120275724
831943772
4485
297121028
217670224
17612
20591
16197
10969
20673
489191314
22753
730118894
601234907
27225
167873799
1982
11812
4584
608129540
69755763
320455336
635732974
22328
29639
214172869
909816695
6643
557987134
812056531
22771
190466399
1025
773061313
29816
270634738
712033250
68734195
27968
28853
130507168
870755622
263288180
18769
483252382
900455634
759532380
20210
90846848
187323345
831488416
498348673
689121077
7420
630323813
861884813
489752800
863575163
28349
657562246
27204
36838037
322563712
963913032
4035
856410945
194239818
577789295
353377304
310763692
11113531
16673
822553481
27582
20350
147700387
304819427
606215238
154453024
26109
25083
288859012
166013786
4464
22672
25031
995226115
16985
897057337
4903
922144758
17576
138409710
178822817
854025400
689878019
338032860
4747
771694965
201144429
8450
953153855
652341197
15732
717263800
261784357
234356592
16203
17825
742429626
136518758
199320798
255024196
592382327
570692643
29237
11176
60661407
122972720
10452376
18478306
22771
22637
176167419
593093618
395919686
485279351
547244313
23836
889131647
9916
14876
408314938
18850
17628
360410447
1857
928389799
955297629
8764
526205298
22858
31943532
758135064
173848579
805637634
10533
3475
711946452
720635648
664981031
656620315
921985779
139485464
20767
47921900
244568061
578599821
644964145
24959
317188091
726008299
22138
632530233
189693785
14256
21460
832687665
39229727
776360621
17627
6113
606130888
735814300
16435
23875
697170607
783744967
3413
47331806
25838866
99571041
415849760
2487
428915655
780419769
331646979
936202035
43593682
596350773
7037
821044823
328538200
185315076
28192
686862737
23963
395135130
941644434
28912
737470914
18551
844877814
29254
128941199
17723
527291869
259180306
14625
498691619
551867028
5843
864552153
236828738
926566618
487062522
907333907
921500131
26391
944331998
613215408
642488785
704737698
62762590
754209328
6955
714791057
114279361
256645107
637299094
228940110
581406246
26837
17166
714445344
53082843
912116684
3106
505885912
11894
701759126
4087
577012689
262311092
754396268
371650837
392354141
117354587
416552904
19926
288050504
703943741
798828055
11118
24417564
195234502
22691
938337632
48832590
983224071
798231946
131085897
465837332
18011
861251350
486337018
12448
4073
932597784
216832526
613944655
130848040
20352
843054809
674808077
28211
92368546
771902398
25514
6061
157895188
6063
288406779
11885
938836350
103833558
545411846
692643451
330202587
991800954
10140
14713
14275
266966530
352371434
109124707
12567
740116790
618219062
29676
3388
29931
665208322
612439492
9953109
104558229
17123
561707150
709701822
29700
4953
992340819
9454
379703225
22267
3082
21467
20699
27205
11416
25826
229188870
312305323
222880666
15125
269087328
575309027
838438856
17072
524101755
9768
11084
854826533
49849457
454865853
851717817
729963057
686463292
700619350
773115323
110104429
18432
729887917
25644
24448
165621903
920820336
127829540
8559
266672519
41926796
19778
201982155
824915870
21948248
402040717
390335966
969418681
19085
941537147
690018800
791622172
1773
379286247
18793
29210
191527822
12845
768019177
24007
817881642
910177199
648689364
27937
19714
978257943
855986592
320734357
332155188
242151435
669530997
587144839
957699200
547348203
55456482
401059583
559298421
603047687
596043738
6536
2656
23061
147780155
27598
1505
533158239
49411811
11427
4474
22151
22536
215158855
10720
554842909
3910
585281205
18762
22487
244592225
655124320
668092147
27546
119304939
721581811
6645
794466214
889180672
978099500
483569184
14539
493880308
665161824
664059599
7184
658568356
144079633
24533
14501
13050
15422
248778070
152043705
576951132
22590
744880772
186002558
54943722
9511
879738231
447433197
24632
468720718
17592
20267
4886
10370
1227
800563135
670589890
15708
585239005
591321119
777794435
878023927
151149210
14292
15378
8484
907990006
10595
4593
18624
10122
566981875
9236
581520005
4157
919007259
4286
892418255
438847126
513265037
617770311
576656268
816782705
403535763
173824370
915738611
16971
360658196
24187
919187127
369010021
90401741
8176
94748676
466570219
342663511
907099548
15753233
886742410
4808
292736548
929648410
141007321
108276217
3396123
214710726
1375
821513733
16795
8525
242420154
110748541
12657
152346987
305355703
6405
190450509
28068068
357457898
21479
767843271
74812371
35860415
11778
234793781
4298
322622896
695930126
77955127
257460712
7039
183324923
874768046
555243836
664529177
5985
266215459
43313196
245420779
25225
617514784
949854471
915323515
74769960
8830
316989232
25650872
6387
12448
293682435
887320024
15246
17264
7614
303022083
601165489
29686
987929181
129259312
460100734
964934631
332839510
257881205
367714741
884777660
48973232
6665
7161
246816820
435165398
24021
729120556
495130052
338261534
347966393
26213
26277
294062291
5057
18749
10161
564109239
502088062
644886824
609195108
81987811
10739
138636270
100083098
166527512
25170
588593660
26176
568118277
305901312
690916663
982549566
150179212
452798730
20771
717668229
994109617
28167
4843
16098911
648720530
4272
157046288
15998
655537197
567133500
13099195
11509
950440709
100819074
597201615
609431675
18860676
932638323
66754620
185233351
611342902
839412975
6201
90483918
843414733
25682
25768
22032
86044924
49854640
982133574
4126
139082314
10600
480214316
235700479
478705809
192974697
2069
28952050
915243626
470778508
575969296
122322014
15874
910834769
919411699
1467
247202800
20723
123288728
20585
891639269
6271
480422034
310210100
745551395
469278428
19968
11895
87139805
363373556
7189
12976
280885074
361756373
389374738
18970
19625
485677997
413529164
116535754
10337
372912862
15798
1382
535550805
24363
353229135
453991680
7135646
877371020
179803945
883440954
164930997
2130
16937
175209723
18488
859846271
171527422
7454
8950
364211625
13155
405670851
64850595
209160420
29430
