700 150
394390886 53412889 1
612709239 924987627 1
854559222 5186405 1
796095391 860855075 3
338264871 485212493 1
685153690 62476855 1
556060437 103975022 3
33228090 467911487 2
785363751 213898550 3
865477981 858986411 1
569713984 253377296 1
293723021 718602886 2
758458015 573162107 3
953219946 221773850 3
527844864 560038720 2
775169373 97708762 1
984067397 653769198 2
758340486 539513639 2
27087613 177393742 2
65461124 42871722 3
583573174 612585705 3
7614464 906308725 1
209159732 517283091 1
415891405 323019389 2
188510855 850864252 3
593826446 626033625 3
914135243 462617373 1
43451766 73474211 2
788163423 100561823 2
451806333 18539298 2
121919301 454628824 1
750442268 462243287 3
97568121 671403019 2
17856081 939810775 3
12434241 128321629 3
714534769 574664427 1
366860410 341316021 3
525471601 384767786 1
223596430 25447560 3
99115000 477253892 1
870021643 451689544 1
106030343 202131812 2
100864120 299699932 3
612980987 170072364 1
448117242 182506605 2
986634100 897041373 2
3700935 116418135 2
483385142 641889735 3
36543559 718002516 3
542780150 669633867 1
67556038 392171861 2
46960750 498202204 2
193641452 599066323 1
11725172 64563661 1
769619666 512680902 3
508352140 351831353 1
821749041 355532287 1
476461962 838917428 2
368459020 875460986 1
433387286 270757487 1
828085796 338313525 3
674473849 237790626 1
722993713 431432077 3
923729860 443157248 3
147054723 65293265 1
700369838 573645404 2
3242678 395394444 3
275050003 724372757 2
188747063 92831777 3
672962989 378735414 1
826812782 206821209 1
372834435 881295057 2
269574643 456805121 1
617897525 233051333 3
30784067 380106055 1
956351510 80475893 3
86266657 936234922 1
719197739 211284924 3
43562601 252548338 3
95904800 925511327 2
271520837 752324108 1
932934047 977674894 2
537170585 99765888 2
572839200 717663412 2
51665061 748447478 3
448300539 704798987 1
418581420 791065643 2
636773096 362779734 3
579337529 258858686 1
614733738 207279837 2
881381713 478800673 2
354850896 264251071 2
562131487 801421656 1
78733551 226777207 2
828386947 130958619 3
810662750 579259157 3
725930796 850356928 1
429950116 487130024 1
345254359 66467552 1
513106939 533717642 1
606470846 267615706 3
157191563 622466601 3
833070822 37114439 1
461232319 115847990 1
807057228 796751288 3
753845965 459930389 3
405433689 38377537 1
700603407 468327652 1
211069210 813582010 2
980393698 179205300 2
809514374 785676145 2
969952074 942867708 3
394640845 628454881 3
473267623 942203551 1
778671607 601777130 1
67550562 355623095 1
83172321 613573135 3
654183711 166692893 1
712325125 377762102 3
689450442 210672151 3
52809752 872702876 2
831268415 842654949 3
937226382 89812146 2
80298787 415596120 3
191735534 46784079 1
952439920 114334640 1
25591046 50023312 1
137119709 704207022 2
716976022 416532146 2
815447049 105982587 1
93123375 11308690 2
156475845 842577104 1
15212375 632319837 1
207436488 712618624 1
489347800 756870509 3
225552594 709310428 1
169896833 734901473 1
875297855 872021181 1
599908120 441513555 1
554796839 109476955 1
720357707 202600329 1
758621451 359076173 1
344572847 226804899 1
20336388 434241387 3
111696048 776105538 1
249839787 1658131 3
502318164 24071316 1
804819853 899369170 1
811528563 351793641 2
87285770 906590479 2
174058268 479464538 1
419623104 90602340 2
360281395 435175186 2
933259522 455511573 3
71372625 567207620 3
966356235 817047406 3
275682977 319365570 2
319911191 124185422 1
88676937 788230336 3
298956238 728032457 2
471228844 902090725 3
993585427 174230180 2
580050886 534511574 2
393321243 467771095 1
640832987 391660071 1
516966620 210532658 1
247274735 486215634 2
1654166 806126824 3
507919117 894803760 2
365977709 46276349 2
983143132 517505193 1
932289443 363606971 2
119521742 943657856 1
594445577 336979098 2
524880985 830328436 2
22524012 199811407 1
189730796 447086142 3
676303150 301256659 3
139577276 809175775 3
96114442 27669836 2
928167712 10812967 1
367344410 795618761 2
980751287 767656854 3
128669737 214618783 1
596875633 739499767 2
456741600 614540130 3
527140224 656787277 3
83754481 185606778 3
299011913 177700406 2
409073105 273814847 3
565410645 54498910 3
239253377 421843319 1
129219431 255110957 1
110326988 383780693 1
133446346 980656325 3
986894140 289914277 1
40153341 817054500 1
393015034 900808981 1
47133386 52337245 3
510427512 461410349 1
1391473 26820993 1
355684752 118590721 3
358113143 247810151 1
128198388 210653490 1
112902415 344099836 1
837106208 183510327 1
880882834 223663667 2
581446737 616678701 3
467617417 663812086 3
531488502 26755949 3
869174433 28147421 3
261359273 236348524 1
927903783 594461666 2
849559249 722660054 2
7511759 835562468 1
146120593 525185028 3
427160056 406067861 1
525254018 987514597 1
376673312 307648365 3
280429850 839136866 1
645596737 708311298 1
37584617 822186922 1
400679569 750090704 2
11584671 452166304 3
833143263 459678062 3
998801690 605798655 2
200486796 32958710 2
625835568 410729079 2
520379392 787402390 1
931251653 67832239 3
368879862 713428976 1
834655491 603529944 2
536779643 856725864 2
685881812 868310534 3
557644035 553970149 2
264968725 405288190 2
349994794 605774985 3
841088723 84126904 2
172213601 457022647 3
810986844 388274299 2
141413304 757154160 2
32667413 444326002 3
893592092 981105644 2
209640179 519503808 2
977854569 77147842 2
205747020 194632918 1
891954478 544627711 1
463636996 385716433 1
446048593 410446386 1
215862578 73949581 1
906025154 215362884 2
162133057 248030296 3
21770903 994138740 3
590650964 56295270 2
27841559 34149838 3
871518653 92413209 1
120483937 984367686 1
827740558 448004682 3
471640434 894053274 3
720046604 962432203 3
61759777 868457357 3
160627110 30590413 2
703820444 904877668 1
80635773 495528631 3
976954910 375886541 2
802938239 99921546 2
823554486 72921834 1
241314794 753178743 2
44791535 224819176 3
258714661 797382132 1
546587367 859141908 1
49822956 19769017 1
506121545 723589460 1
104042520 656741585 1
610775117 486212846 1
4173902 141667436 1
637469544 965221921 3
107649224 59053067 2
25833584 103844601 2
690587570 362559262 1
170290110 909146628 1
370966358 811485936 3
602233018 317607480 3
590893698 274166351 1
927599360 737457819 2
640191562 741631721 1
305221662 379101264 3
43173595 486750487 1
386820622 365100423 1
955286825 55687992 2
173651511 78494453 1
251158105 449460810 3
200950067 904210179 1
874331488 347620228 2
56970846 275219587 1
873306696 767927501 2
683826334 73149162 1
312084245 968839108 3
999395221 208176081 2
790550798 15979258 1
944265636 42147120 3
7127102 293305224 1
733990854 494255290 1
630978438 221103130 1
802132372 278073975 1
710744124 3897022 2
213503949 687723356 1
95365037 852323952 3
169009315 851719172 1
755237664 494786322 2
249670355 439051957 2
675113851 298695410 3
550018155 885202616 3
181648990 516181053 3
160900053 170829776 2
267887054 881573899 2
142801555 947594199 2
90865217 895475587 1
712800690 64484902 2
395428595 819722565 1
94035758 921909271 3
982273688 597023121 3
868849545 999557628 2
249680692 33722969 3
851614968 194623021 1
584139570 462510074 3
468044842 605311628 3
892189820 548693196 3
21175102 114010237 2
1879555 509438832 3
329886681 603474589 1
96945763 438264628 2
15216607 159630524 1
671206418 409311216 3
843377281 113442535 2
186377919 697582105 3
263468808 18143298 2
140670247 762849469 1
60830920 784024570 3
750509199 638420476 3
259910041 820823508 2
543736506 770285623 1
424586092 638018581 3
157509656 309224999 3
924156189 5118631 2
885425743 191496550 1
14238074 307481709 1
895845680 448151955 3
31179186 361499226 1
280522929 112008424 1
891821854 224434817 1
106595368 768171322 1
464666212 45273765 2
129851228 202783421 2
56863811 126939609 2
97318929 864881703 3
540388854 879119776 3
1602077 627481808 2
225664768 511177345 2
86268380 791700273 3
585292468 536038479 2
757656416 495150198 3
552822337 959816409 2
133490487 89667637 1
728416339 999047799 1
475944470 948883079 2
267485501 489271933 2
366508241 490874009 2
913682934 716538776 2
674873205 802807155 1
548071900 240615975 3
645705410 850788742 3
511510242 403611078 2
275105191 389617917 2
241483559 118034255 2
187317888 446495076 1
998033920 566496929 3
392902431 933005169 2
267769101 699204454 2
801296763 226594011 1
831557402 774665910 1
397856519 420371319 2
459305833 784397913 3
480571556 59503103 3
296537618 300986661 2
111551479 488304549 3
875448419 338854820 1
981133642 584273602 2
430209226 852042702 2
595823584 505855816 1
269277801 337413218 3
183347992 735269736 1
948206924 47091921 3
969193286 527663476 3
232313915 824201093 1
613468799 935752572 2
146151463 663717342 2
392814702 644850983 2
277515814 75060208 1
861421379 523400144 2
671920954 792677944 1
109602790 976025936 3
967655944 776749211 2
462623363 745942496 1
17093883 978256411 1
725067416 444241561 1
773861849 590393023 1
161511101 835724077 2
133433954 113239890 2
809915860 974661268 1
992253582 499098573 1
364520872 461217714 1
324574250 281390009 2
479203196 744013371 3
14011969 613623606 2
78054539 191207373 1
77849679 965069222 1
741362161 979096674 1
902241977 965046980 1
990698352 627479191 3
455071223 472249124 1
712122037 836769996 3
650231490 13860597 1
365090153 493063793 3
825891312 359592113 1
969981585 437646651 2
558313419 515496330 1
589554627 109374842 2
309036263 11616818 3
141757788 2315169 1
949140580 309902743 3
960654648 22024779 1
433386429 524772620 3
187508218 889862773 2
685643378 568270436 3
502434847 538252021 1
510433689 949081791 1
336018103 391152769 2
140699191 700189031 2
762943610 841946818 2
12667220 643603749 2
734639953 604258396 2
145899033 37644824 3
423535061 77669393 1
194234882 763312771 3
324526815 118263969 2
744981750 628697657 1
533449367 964715760 1
431291824 105414950 3
193267451 720874912 3
957558246 733542131 2
31751783 320698435 1
833002803 319113819 2
159026443 742648879 3
374912854 936883760 2
159069701 113926926 2
333994920 711425028 3
310518281 97390746 3
825678058 528682569 2
893543217 721950019 2
655871545 532024616 2
61803621 416292751 3
71994092 249295553 1
972345738 408321995 3
802883129 783234849 1
396733289 794820901 1
108847418 128815821 3
302175556 291850453 3
460219452 117528511 1
576194650 863588079 3
265561111 371975976 2
688469702 433779596 2
284593079 505773688 2
199830274 330635777 3
710232700 133518905 1
10035237 382768546 1
276281051 344132315 3
253951893 498824222 1
329013479 959043674 1
785273986 387754675 2
963484512 653315786 1
526236005 194301839 3
505280248 478894918 2
586136395 678725191 2
75314537 241474242 1
200243879 104025830 2
119994122 232823233 2
873592888 486775125 1
66525755 668304955 1
82019836 453578941 3
961101996 269579804 2
64676482 648332160 2
602030564 6128759 2
645158333 592265153 1
871438231 667579690 2
83753385 720339920 2
531353436 692850393 2
175602153 566443281 2
466158740 485485387 1
420791704 420021575 2
763179343 233639922 2
611399118 298316403 1
653920732 900346967 2
175337263 398021651 1
227995337 121976233 2
374644004 58245969 2
625318500 442115756 1
108816229 617717909 2
931605433 83876648 1
422699592 357184704 3
219889043 120364046 2
139174649 731763163 2
854276062 238200247 2
428022585 413537509 3
594034261 494049197 1
280141977 868693200 3
686589613 494011700 1
638403994 455344280 2
156661654 386949712 1
12921053 662165656 1
289202026 882054698 3
799122920 21229347 2
459876569 728021760 2
873493535 8560697 2
685132152 455111309 3
471263354 735253285 3
168156876 274359250 3
454649801 912763243 1
211376987 921941248 3
904497172 934862301 3
954802060 76580678 1
125470993 728219950 3
732935792 40612870 1
726084486 914106404 3
985287040 451754908 1
591055142 923018261 1
65516444 91175136 3
33989445 398341288 2
310323077 462234626 2
973606421 366731797 3
151571771 174050208 1
211591819 152037552 1
145357565 884973344 1
512177775 463574181 2
35042328 301377572 3
865534542 892432713 2
283796392 957949157 1
976417491 991938601 1
286834536 154778030 2
666676476 128384450 2
686413421 279956220 1
782731043 344064391 1
607268614 341938307 2
324935406 854116081 2
104192249 741674761 3
40236704 459725654 2
46783066 743522045 1
849537268 572455887 1
903149109 859290422 2
418995575 378483249 1
301573838 64896669 2
210718661 700144063 2
419384683 159929028 1
365540400 484864433 2
775270297 441573034 2
338894117 481809737 3
942434297 381109154 3
208956338 83162773 1
467416979 986311881 1
880655649 405307456 2
274795120 559397645 1
948890810 770116305 2
967050891 42017339 2
179665630 407557738 1
246396449 35344386 1
54802029 374238502 2
175449613 169189151 3
39619242 378145488 1
181277460 845562466 1
182226100 578734466 2
561657988 853529585 2
711019248 802420394 1
560524571 621987636 3
569958922 654169617 2
64257705 900566066 3
129521 807884446 2
270327425 835850410 1
921634482 727986003 2
656104312 909263463 1
376886023 91489562 2
355491540 505663901 1
893494702 216683148 1
54130521 777207719 2
256783678 199682992 3
866994572 263940696 2
365066204 116586568 1
237376338 239430344 2
131391973 161064825 2
256069448 817169137 1
226309387 46571511 1
627800144 254579402 2
882820484 590456 3
792777570 54720976 3
177238644 311504653 3
215869334 31015576 3
7582441 396081780 2
607179993 633458117 3
895144306 617366441 1
763610974 873435888 3
541341104 99745275 1
410560795 580061770 2
637960738 462882253 3
82043829 108176175 1
155850989 285414818 3
429341141 501284151 1
819288339 508866591 3
325822105 116046583 3
71786213 863707240 1
831331498 479834566 2
260562271 21175669 1
736364554 284252816 1
319262591 922213553 3
50234730 4257381 2
688444197 12624722 3
638158315 294482214 2
471404361 113770552 1
848215834 292109008 1
563518127 216411573 1
43670509 47743070 1
102291482 160821693 3
260657729 749702598 1
999085745 68965188 3
52912365 119199918 2
214915160 660160466 2
662332771 150835132 1
463550885 622239493 3
921119236 322971678 3
199766874 886489805 3
194638103 782676665 2
816827545 884968146 2
165225359 145625874 1
945359637 144711618 3
500223819 50140334 2
59345381 117571845 3
336124369 779904616 3
54869217 95971852 1
739900969 17091087 1
717041729 69374312 2
910594060 264012414 1
4405813 933356310 3
111555610 98581669 3
115891653 43941305 2
894225587 396681475 2
791759438 308543207 2
201970106 644667575 1
763015905 699536792 1
946301197 291954112 3
452558166 8995840 3
697821291 919589900 1
725761080 776512064 1
638669014 888067674 3
549719173 856475678 1
457997301 750701264 1
268932114 394977053 2
344922420 449463510 1
53333693 212479414 1
710233169 11296962 1
384223732 463855127 1
980104958 14192769 1
839998597 739953848 2
485764898 231139213 1
82629219 780858385 3
723434844 91372037 3
760921943 360304151 2
959468601 557742922 2
802682833 463592967 1
197950208 173826135 3
32655342 410566218 1
581389020 390671175 3
49712597 83186124 2
147064590 421467373 2
132484255 504096592 2
974379598 227531435 2
419492555 840969730 1
112098917 800438330 3
254168787 455637514 2
461234423 653587721 2
827080669 538759414 2
361814745 120148434 3
58225237 22377382 1
347105929 169441971 2
14609482 301926226 2
168004123 276305823 2
412770800 548314729 2
870357980 660413645 2
885688081 767098784 2
364611148 228333206 3
869876701 907930226 2
785708472 269744970 2
92211418 180486559 2
